,token,valid,no_at_fault_collisions,drivable_area_compliance,ego_progress,time_to_collision_within_bound,comfort,driving_direction_compliance,score
0,75151361dbe658bb,True,1.0,1.0,1.0,1.0,1.0,1.0,1.0
1,2f1edc1ab2b55b05,True,1.0,1.0,0.8787678795166256,1.0,1.0,1.0,0.9494866164652608
2,47e005481cf0579d,True,1.0,1.0,0.889398114356395,1.0,1.0,1.0,0.9539158809818312
3,ccdb6840a0445870,True,1.0,1.0,0.7726228341617496,1.0,1.0,1.0,0.9052595142340624
4,a0801105ad8b5ad3,True,1.0,1.0,0.7988907578848269,1.0,1.0,1.0,0.9162044824520112
5,cf0aec572cdd543e,True,1.0,1.0,0.9543415496222027,1.0,1.0,1.0,0.9809756456759179
6,15715849d362599e,True,1.0,0.0,0.0,1.0,1.0,1.0,0.0
7,910c4dd3f1ec51b1,True,1.0,1.0,1.0,1.0,1.0,1.0,1.0
8,14b270ee5a395ea9,True,1.0,1.0,0.9040266726896644,1.0,1.0,1.0,0.9600111136206935
9,9ca89d773ed651ab,True,1.0,1.0,0.8097508899589063,1.0,1.0,1.0,0.9207295374828776
10,121b6c8a61d85945,True,1.0,1.0,0.6310612539214931,1.0,1.0,1.0,0.8462755224672888
11,eb4bbe69b80d5f12,True,1.0,1.0,0.8747748478731966,1.0,1.0,1.0,0.9478228532804985
12,be027cd33b835419,True,1.0,1.0,0.8604846503691794,1.0,1.0,1.0,0.9418686043204915
13,06279fdb46815c6c,True,1.0,1.0,1.0,1.0,1.0,0.5,1.0
14,662212c87d0d5b09,True,1.0,1.0,0.7218959121251558,1.0,1.0,1.0,0.884123296718815
15,773ae953dba953b4,True,1.0,1.0,0.863139409472848,1.0,1.0,1.0,0.9429747539470199
16,cfc9186dc53b5d4a,True,1.0,1.0,0.7534072754152392,1.0,1.0,1.0,0.8972530314230163
17,51259bf89422548a,True,1.0,1.0,0.7838001819195284,1.0,1.0,1.0,0.9099167424664701
18,48321ca34be254e5,True,1.0,1.0,0.7565479663599635,1.0,1.0,1.0,0.8985616526499848
19,12f96c65436e56bf,True,1.0,1.0,1.0,1.0,1.0,1.0,1.0
20,9157902936a456bf,True,1.0,1.0,1.0,1.0,1.0,1.0,1.0
21,99e3b8d3211f53d7,True,1.0,1.0,0.8941513750443888,1.0,1.0,1.0,0.9558964062684954
22,43b78800618758d9,True,1.0,1.0,0.8729051326858547,1.0,1.0,1.0,0.9470438052857727
23,1766fa78fd10576e,True,1.0,1.0,1.0,1.0,1.0,1.0,1.0
24,79c024b87e175129,True,1.0,1.0,0.9803755552251164,1.0,1.0,1.0,0.9918231480104652
25,828b1011212253c6,True,1.0,1.0,1.0,1.0,1.0,1.0,1.0
26,ef81756601bc569f,True,1.0,1.0,0.93128425294608,1.0,1.0,1.0,0.9713684387275334
27,ef9b600e65ac5391,True,1.0,1.0,0.7750484633923274,1.0,1.0,1.0,0.9062701930801363
28,9d9aced6d8da5f28,True,1.0,1.0,1.0,1.0,1.0,1.0,1.0
29,c8d4707fcc465f8b,True,1.0,1.0,0.9374244636170397,1.0,1.0,1.0,0.9739268598404331
30,7a18ceb376d859c1,True,1.0,1.0,0.6063282397858577,1.0,1.0,1.0,0.8359700999107741
31,fca1702dec8a50c6,True,1.0,1.0,1.0,1.0,1.0,1.0,1.0
32,3c7319cc63ab58c9,True,1.0,1.0,0.9739526926911145,1.0,1.0,1.0,0.9891469552879645
33,a5de46cebb7d5260,True,1.0,0.0,0.0,1.0,1.0,1.0,0.0
34,25226305bdff5efd,True,1.0,1.0,1.0,1.0,1.0,1.0,1.0
35,de664d2cb249576d,True,1.0,1.0,0.8992076710707634,1.0,1.0,1.0,0.9580031962794848
36,fe2270288c1d5628,True,1.0,1.0,0.8863543091312497,1.0,1.0,1.0,0.9526476288046873
37,3bae0e44f3095a9c,True,1.0,1.0,0.6838680170570047,1.0,1.0,1.0,0.8682783404404186
38,8790ecedb8ac580e,True,1.0,1.0,1.0,0.0,1.0,1.0,0.5833333333333334
39,5d5cef2e5d6b5d6b,True,1.0,1.0,0.7718867599758624,0.0,1.0,1.0,0.4882861499899427
40,2aade0b3987d5366,True,1.0,1.0,0.9825339731864067,1.0,1.0,1.0,0.9927224888276694
41,d1ef1e42fa15573d,True,1.0,1.0,0.6413888138397879,1.0,1.0,1.0,0.850578672433245
42,ed8384b107d95d89,True,1.0,1.0,0.7542725899617743,1.0,1.0,1.0,0.8976135791507392
43,4d0df74bfb035f8a,True,1.0,1.0,0.6283044719245896,1.0,1.0,1.0,0.8451268633019123
44,5cd75b90a44e5a65,True,1.0,1.0,1.0,1.0,1.0,1.0,1.0
45,594e39f9024a5835,True,1.0,1.0,0.8468230492934548,1.0,1.0,1.0,0.9361762705389395
46,7d59e0ea1e0d524b,True,1.0,1.0,0.5695112960460078,1.0,1.0,1.0,0.8206297066858367
47,2223b290d60556d5,True,1.0,1.0,1.0,1.0,1.0,0.5,1.0
48,edd24f4c0a295030,True,1.0,1.0,0.944634977474851,1.0,1.0,1.0,0.9769312406145213
49,f2e2e64000445230,True,1.0,1.0,0.9333694862598858,1.0,1.0,1.0,0.9722372859416191
50,c810620e645e53b8,True,1.0,1.0,1.0,1.0,1.0,1.0,1.0
51,d39ff27c54d55ef1,True,1.0,1.0,0.9627216202816135,1.0,1.0,1.0,0.9844673417840056
52,c8bf5f09438e5507,True,1.0,1.0,1.0,1.0,1.0,1.0,1.0
53,c98ef0c5c89c51d6,True,1.0,0.0,0.0,1.0,1.0,1.0,0.0
54,36419e8c59275f61,True,1.0,1.0,1.0,1.0,1.0,1.0,1.0
55,051d26c01f3653ba,True,1.0,1.0,0.7275691928957113,1.0,1.0,1.0,0.8864871637065463
56,2f4117000a605404,True,1.0,1.0,0.9334484569485392,1.0,1.0,1.0,0.9722701903952246
57,30a0f5cf9ab95eee,True,1.0,1.0,0.8691932737171448,1.0,1.0,1.0,0.9454971973821437
58,54511f27d12e5a58,True,1.0,1.0,0.8534381616079548,1.0,1.0,1.0,0.9389325673366479
59,34cc387cf0335f28,True,1.0,1.0,0.8744206884316503,1.0,1.0,1.0,0.947675286846521
60,70da6b21101d555f,True,1.0,1.0,1.0,1.0,1.0,1.0,1.0
61,6e8b9e53215c58a3,True,1.0,1.0,0.7611798075991445,1.0,1.0,1.0,0.9004915864996436
62,3d4616d64a4c5f53,True,1.0,1.0,0.9945427420806084,1.0,1.0,1.0,0.9977261425335868
63,3ef16d00a16b5c94,True,1.0,1.0,0.7718247933584954,1.0,1.0,1.0,0.9049269972327064
64,f7f7750b2dc2548e,True,1.0,1.0,0.713239876629238,1.0,1.0,1.0,0.8805166152621826
65,20ec6765e35d5cd1,True,1.0,1.0,1.0,1.0,1.0,1.0,1.0
66,2c978eb63fec5d2a,True,1.0,1.0,0.8636223484379842,1.0,1.0,1.0,0.9431759785158267
67,02bfb6340c185b97,True,1.0,1.0,0.685719650237852,1.0,1.0,1.0,0.8690498542657717
68,6321c384f59c5265,True,1.0,1.0,0.6320213212961346,1.0,1.0,1.0,0.846675550540056
69,6e163d828a555eee,True,1.0,1.0,1.0,1.0,1.0,1.0,1.0
70,5c9063357a725208,True,1.0,1.0,1.0,1.0,1.0,1.0,1.0
71,82c913dd14e05a84,True,1.0,1.0,1.0,1.0,1.0,1.0,1.0
72,e27b4628314951bb,True,1.0,1.0,0.7852850908719166,1.0,1.0,1.0,0.9105354545299652
73,d5cf4595a3435917,True,1.0,1.0,1.0,1.0,1.0,1.0,1.0
74,12ca80cc0d575578,True,1.0,1.0,1.0,1.0,1.0,1.0,1.0
75,8a249b6f42f35ca2,True,1.0,1.0,1.0,1.0,1.0,1.0,1.0
76,cc9a87182a05533d,True,1.0,1.0,0.7639799111889942,1.0,1.0,1.0,0.9016582963287476
77,ec611f7d00d85b31,True,1.0,1.0,1.0,1.0,1.0,1.0,1.0
78,9f3b77fe8cd3541c,True,1.0,1.0,0.8736863286958974,1.0,1.0,1.0,0.9473693036232905
79,56da58294b3d53c5,True,1.0,1.0,0.8139378315896464,1.0,1.0,1.0,0.922474096495686
80,95fa228136aa55d1,True,1.0,1.0,0.8265189332458873,1.0,1.0,1.0,0.9277162221857864
81,a75ca6ddabc1541b,True,1.0,1.0,1.0,1.0,1.0,1.0,1.0
82,0b177a1d821055ea,True,1.0,1.0,0.8866258618697435,1.0,1.0,1.0,0.9527607757790598
83,4332fab190e05b95,True,1.0,1.0,1.0,1.0,1.0,1.0,1.0
84,4d2d174465585abf,True,1.0,1.0,1.0,1.0,1.0,1.0,1.0
85,994db6ebee835fbd,True,1.0,1.0,1.0,1.0,1.0,1.0,1.0
86,5e4f0ddf24da5f97,True,1.0,1.0,0.8136095747794723,1.0,1.0,1.0,0.9223373228247801
87,192e92b5db4754a6,True,1.0,1.0,0.8599504214651803,1.0,1.0,0.0,0.9416460089438251
88,7eab8efaacef55bb,True,1.0,1.0,1.0,1.0,1.0,1.0,1.0
89,313a7a6feb1c5490,True,1.0,1.0,0.7518085857493284,1.0,1.0,1.0,0.8965869107288867
90,84b38cdaa93e5dcd,True,1.0,1.0,0.7724696143999907,1.0,1.0,1.0,0.9051956726666628
91,00c6aecefec9576c,True,1.0,1.0,0.6785333371452115,1.0,1.0,1.0,0.8660555571438381
92,92838ad73bf95b3a,True,1.0,1.0,1.0,1.0,1.0,1.0,1.0
93,806b014bc8c15160,True,1.0,1.0,1.0,1.0,1.0,1.0,1.0
94,14f16328a6c0551e,True,1.0,1.0,0.8328861358385371,1.0,1.0,1.0,0.9303692232660571
95,f7d40806c7045d54,True,1.0,1.0,0.9423452514883128,0.0,1.0,1.0,0.5593105214534636
96,967b41c4778d5aac,True,1.0,1.0,0.866919390607661,1.0,1.0,1.0,0.9445497460865253
97,93141bb128bd5a34,True,1.0,1.0,0.7974509703357558,1.0,1.0,1.0,0.9156045709732316
98,cc063cc1396551a6,True,1.0,1.0,0.8425157936048262,1.0,1.0,1.0,0.9343815806686776
99,692bea45f3de5fd0,True,1.0,1.0,0.7753048646238939,0.0,1.0,1.0,0.4897103602599558
100,b5cb26f114e3558e,True,1.0,1.0,0.8452151378634762,1.0,1.0,1.0,0.9355063074431151
101,ec1dd3d02f035d78,True,1.0,1.0,0.8916537121038524,1.0,1.0,1.0,0.9548557133766051
102,69ed5efe731251d0,True,1.0,1.0,0.7981968483014283,1.0,1.0,1.0,0.9159153534589285
103,51fd85d11ea75120,True,1.0,1.0,0.8910648328532748,1.0,1.0,1.0,0.9546103470221978
104,254290b4b4a35869,True,1.0,1.0,1.0,1.0,1.0,1.0,1.0
105,cbdda157b6705786,True,1.0,1.0,0.6924173897913306,1.0,1.0,1.0,0.8718405790797211
106,7aeb6cedbf4353ef,True,1.0,1.0,0.9863912481908458,1.0,1.0,1.0,0.9943296867461857
107,cc54b0f77c84506d,True,1.0,1.0,0.8689440801630982,1.0,1.0,1.0,0.9453933667346242
108,540098f126795a8c,True,1.0,1.0,0.7667047916537809,1.0,1.0,1.0,0.9027936631890755
109,ab0c43fd9f2c5481,True,1.0,1.0,1.0,1.0,1.0,1.0,1.0
110,c38eb1a738745b1e,True,1.0,1.0,1.0,1.0,1.0,1.0,1.0
111,fbf2eaa61abb5a2f,True,1.0,1.0,0.9248239974905198,1.0,1.0,1.0,0.9686766656210498
112,d8f68111f5145cc9,True,1.0,1.0,0.9363804524947098,1.0,1.0,1.0,0.9734918552061291
113,dee481365b265a2d,True,1.0,1.0,0.5784714291635137,1.0,1.0,1.0,0.8243630954847974
114,b8873bb7c3f35d15,True,1.0,1.0,0.9579348007334108,1.0,1.0,1.0,0.9824728336389211
115,4711d15a356a54e9,True,1.0,1.0,0.8690164703132739,1.0,1.0,1.0,0.9454235292971974
116,91e06c22962d53bb,True,1.0,1.0,0.840385249962805,1.0,1.0,1.0,0.9334938541511688
117,34a92bb4ef51562b,True,1.0,1.0,0.9414673592716066,0.0,1.0,1.0,0.5589447330298362
118,159b8a11bd775e91,True,1.0,1.0,1.0,1.0,1.0,1.0,1.0
119,86db74cc909e5437,True,1.0,0.0,0.0,0.0,1.0,1.0,0.0
120,602c93fe201356c2,True,1.0,1.0,1.0,1.0,1.0,1.0,1.0
121,9873c047e9155996,True,1.0,1.0,0.7637702508028018,1.0,1.0,1.0,0.9015709378345007
122,83dd1484eb265a3c,True,1.0,1.0,1.0,1.0,1.0,1.0,1.0
123,e7daf964463c530b,True,1.0,1.0,1.0,1.0,1.0,0.0,1.0
124,fb351801ac245053,True,1.0,1.0,1.0,1.0,1.0,1.0,1.0
125,d34d0398de585e6c,True,1.0,1.0,0.668269125767658,1.0,1.0,1.0,0.8617788024031908
126,b5a8b9b436b05bad,True,1.0,1.0,1.0,1.0,1.0,1.0,1.0
127,1f211666d4465388,True,1.0,1.0,0.7550734930322686,1.0,1.0,1.0,0.8979472887634453
128,ab7d0c4a928e5ec9,True,1.0,0.0,0.0,1.0,1.0,1.0,0.0
129,9b58f5bd4e995a93,True,1.0,1.0,1.0,1.0,1.0,1.0,1.0
130,0a7ed373b7de5037,True,1.0,0.0,0.0,1.0,1.0,1.0,0.0
131,c6c94bd6691c5008,True,1.0,1.0,1.0,1.0,1.0,1.0,1.0
132,6469176632cf52a0,True,1.0,1.0,0.9460126675288206,1.0,1.0,1.0,0.9775052781370087
133,2a30c259f67c561d,True,1.0,1.0,0.6626900515631156,1.0,1.0,1.0,0.8594541881512981
134,2972c31a52275dc1,True,1.0,1.0,0.6763410266718328,1.0,1.0,1.0,0.865142094446597
135,6ad6e6d54e845206,True,1.0,1.0,0.9040364850440074,1.0,1.0,1.0,0.9600152021016698
136,55d6a50a401f52f7,True,1.0,1.0,0.8933547984919701,1.0,1.0,1.0,0.9555644993716541
137,f62e6cb228dc50e1,True,1.0,1.0,0.8653059903154788,1.0,1.0,1.0,0.943877495964783
138,cc7d3c360c345a4b,True,1.0,1.0,0.6565804928505727,1.0,1.0,1.0,0.8569085386877386
139,cec165c3246d5529,True,1.0,0.0,0.0,1.0,1.0,1.0,0.0
140,7c4757c2c9675f2b,True,1.0,0.0,0.0,1.0,1.0,0.0,0.0
141,92ebb72e83325bb1,True,0.0,1.0,0.0,0.0,1.0,0.0,0.0
142,7f54c08f50ef5ace,True,1.0,1.0,0.5545078108003918,1.0,1.0,1.0,0.8143782545001632
143,1a25d6503c075cc8,True,1.0,1.0,0.8887336866717874,1.0,1.0,1.0,0.9536390361132447
144,3e053f89d1c55a7e,True,1.0,1.0,0.8779709152649267,1.0,1.0,1.0,0.9491545480270528
145,5f4ad64db9ac5419,True,1.0,1.0,1.0,1.0,1.0,1.0,1.0
146,13e6cd945bf95a1f,True,1.0,1.0,0.6862406940027616,1.0,1.0,1.0,0.869266955834484
147,607b63930d2855da,True,1.0,0.0,0.0,1.0,1.0,0.0,0.0
148,eb7ed87b4ef65273,True,1.0,1.0,1.0,1.0,1.0,1.0,1.0
149,c9459a7641335bba,True,1.0,1.0,1.0,1.0,1.0,1.0,1.0
150,e2e2578cd6b6505f,True,1.0,1.0,0.7348887640965481,1.0,1.0,1.0,0.8895369850402283
151,dadda73214d15baf,True,1.0,1.0,0.9132560315941949,1.0,1.0,1.0,0.9638566798309145
152,f606d0e6eda7549a,True,1.0,1.0,1.0,1.0,1.0,1.0,1.0
153,39c08e30ff9255ef,True,1.0,1.0,1.0,1.0,1.0,1.0,1.0
154,ec3a67acceec55cc,True,1.0,1.0,1.0,1.0,1.0,1.0,1.0
155,810b73ca95975db9,True,1.0,1.0,0.9930261404914277,1.0,1.0,1.0,0.9970942252047615
156,43c8e05e697f5abe,True,1.0,1.0,1.0,1.0,1.0,1.0,1.0
157,83f9ceae9dad56d9,True,1.0,1.0,0.6018431010143822,1.0,1.0,1.0,0.8341012920893259
158,1d612d6783845a87,True,1.0,1.0,1.0,1.0,1.0,1.0,1.0
159,58911c0c8e3f5906,True,0.0,1.0,0.0,0.0,1.0,1.0,0.0
160,580004d79c9b53b8,True,1.0,1.0,0.8363149039332531,1.0,1.0,1.0,0.9317978766388556
161,a312f24a197d530c,True,1.0,1.0,0.8797113139361251,1.0,1.0,1.0,0.9498797141400521
162,a73f7d7149c45478,True,1.0,1.0,0.6114907999376935,1.0,1.0,1.0,0.8381211666407057
163,4b721ff0b7025f21,True,1.0,1.0,1.0,1.0,1.0,1.0,1.0
164,f0d6814d23245178,True,1.0,1.0,1.0,1.0,1.0,1.0,1.0
165,b156e8110afb5efd,True,1.0,1.0,0.8525925828784122,1.0,1.0,1.0,0.938580242866005
166,87ecb477e85b5a58,True,1.0,1.0,0.9549394680880201,1.0,1.0,1.0,0.9812247783700084
167,98e3abe2a38c5156,True,1.0,1.0,0.5979743806896826,1.0,1.0,1.0,0.8324893252873679
168,c5b585ddf50d5f1f,True,1.0,1.0,1.0,1.0,1.0,1.0,1.0
169,14a11185124a508b,True,1.0,1.0,0.8996209273123169,1.0,1.0,1.0,0.9581753863801321
170,513a97511d135ebd,True,1.0,1.0,0.870400965131617,1.0,1.0,1.0,0.9460004021381737
171,de0726643f515304,True,1.0,1.0,0.8317252650280412,1.0,1.0,1.0,0.9298855270950172
172,8937c2f7a7ac5507,True,1.0,1.0,0.7709941273795916,1.0,1.0,1.0,0.9045808864081631
173,367ee5f18e345a72,True,1.0,1.0,0.843102081926094,1.0,1.0,1.0,0.9346258674692058
174,eab63019e1825aea,True,1.0,1.0,1.0,1.0,1.0,1.0,1.0
175,302d9a7758625a37,True,1.0,1.0,1.0,1.0,1.0,1.0,1.0
176,74deabca4e1259f5,True,1.0,1.0,1.0,1.0,1.0,1.0,1.0
177,b04c892043a352d3,True,1.0,1.0,1.0,1.0,1.0,1.0,1.0
178,f5a9eba40a9055f3,True,1.0,1.0,1.0,1.0,1.0,1.0,1.0
179,23bd3a02e2855a28,True,0.0,1.0,0.0,0.0,1.0,1.0,0.0
180,64a52073ea395752,True,1.0,1.0,0.7693752974972583,1.0,1.0,1.0,0.903906373957191
181,647c05f9fa725528,True,1.0,1.0,0.5406900842442377,1.0,1.0,1.0,0.808620868435099
182,55a63ecf2e985abe,True,1.0,1.0,0.5577005651034722,1.0,1.0,1.0,0.8157085687931134
183,262c4400163e5d8e,True,1.0,1.0,0.8093155387471961,1.0,1.0,1.0,0.920548141144665
184,12d4637822bb5f19,True,1.0,0.0,0.0,1.0,1.0,1.0,0.0
185,ea1302023ad258ff,True,1.0,1.0,0.7732573278911038,1.0,1.0,1.0,0.9055238866212932
186,65cf19209dc55631,True,1.0,1.0,0.7860624986080293,1.0,1.0,1.0,0.9108593744200122
187,2ccebcdb0da25be5,True,1.0,1.0,1.0,1.0,1.0,1.0,1.0
188,70f3a3d098bf5381,True,1.0,1.0,1.0,1.0,1.0,1.0,1.0
189,970cfee3bc7d5e3d,True,1.0,1.0,0.9399953845608426,0.0,1.0,1.0,0.5583314102336844
190,da0aac1f6c225eca,True,1.0,1.0,0.6045440257574178,1.0,1.0,1.0,0.8352266773989241
191,9b0a5826d2d357d8,True,1.0,1.0,0.7238134005326374,1.0,1.0,1.0,0.8849222502219322
192,33c1e6fe4ce650bf,True,1.0,1.0,0.8758129913987347,1.0,1.0,1.0,0.9482554130828061
193,d01d51c26594547c,True,1.0,1.0,1.0,1.0,1.0,1.0,1.0
194,c680cd635f095d1c,True,1.0,1.0,0.9167786990603081,1.0,1.0,1.0,0.965324457941795
195,19a52017c000548c,True,1.0,1.0,0.940792086402925,1.0,1.0,1.0,0.9753300360012188
196,88454b0190ff551f,True,1.0,1.0,1.0,1.0,1.0,1.0,1.0
197,fcdcb2e456bf5360,True,1.0,1.0,0.6269709011555158,1.0,1.0,1.0,0.8445712088147982
198,aec02ec2aec85c06,True,1.0,1.0,0.6177787629097712,1.0,1.0,0.5,0.8407411512124047
199,9f4c04b7214b52a8,True,1.0,1.0,1.0,1.0,1.0,1.0,1.0
200,26e5c3fb8af15012,True,1.0,1.0,0.5307578380197195,1.0,1.0,1.0,0.8044824325082165
201,7291b74b016d5672,True,1.0,1.0,1.0,1.0,1.0,1.0,1.0
202,46320fa2dc795a5a,True,1.0,1.0,1.0,1.0,1.0,1.0,1.0
203,501de4adcf415443,True,1.0,1.0,0.8904524877029598,1.0,1.0,1.0,0.9543552032095666
204,36b4b6d6e4745071,True,1.0,1.0,0.886158814366588,1.0,1.0,1.0,0.952566172652745
205,431840d399445a32,True,1.0,1.0,0.8009909166912597,1.0,1.0,1.0,0.9170795486213582
206,d38070017e4e53c3,True,1.0,1.0,0.9002435588073683,1.0,1.0,1.0,0.9584348161697367
207,be63913f07ee5245,True,1.0,1.0,0.788567650405243,1.0,1.0,1.0,0.9119031876688513
208,a5f5f03bc998578d,True,1.0,1.0,0.9893077013608083,1.0,1.0,1.0,0.9955448755670034
209,27bcec96f13c5426,True,1.0,1.0,0.9534306578680326,1.0,1.0,1.0,0.9805961074450136
210,6832568ebd835696,True,1.0,1.0,0.7390293320570935,1.0,1.0,1.0,0.8912622216904555
211,064018bfafb05f56,True,1.0,1.0,0.9664546872067026,1.0,1.0,1.0,0.9860227863361262
212,23d647e77f2d515e,True,1.0,1.0,0.7763066021534033,1.0,1.0,1.0,0.9067944175639181
213,366c7e46b0415253,True,1.0,1.0,0.7243050339722259,1.0,1.0,1.0,0.8851270974884274
214,62d339c4086d51ba,True,1.0,1.0,0.7752005290032632,1.0,1.0,1.0,0.9063335537513596
215,6b7e5348100b5572,True,1.0,1.0,1.0,1.0,1.0,1.0,1.0
216,b528a0aa02695437,True,1.0,1.0,0.8803822163766656,1.0,1.0,1.0,0.9501592568236106
217,c7b030a4025a5066,True,1.0,1.0,1.0,1.0,1.0,1.0,1.0
218,30638699ab8e575c,True,1.0,1.0,1.0,1.0,1.0,1.0,1.0
219,0de3f9728fc651a6,True,1.0,1.0,0.7639389439361581,1.0,1.0,1.0,0.9016412266400659
220,96c3433ef79a5478,True,1.0,1.0,0.759646114474892,1.0,1.0,1.0,0.8998525476978717
221,54a9fe6636755234,True,1.0,1.0,1.0,1.0,1.0,1.0,1.0
222,b4175792b94a5cf2,True,1.0,1.0,1.0,1.0,1.0,1.0,1.0
223,e55bd804e572502a,True,1.0,1.0,0.8553687832922248,1.0,1.0,1.0,0.939736993038427
224,2381f042c0855f20,True,1.0,1.0,1.0,1.0,1.0,1.0,1.0
225,dcf89e4b93ba5fbe,True,1.0,1.0,1.0,1.0,1.0,1.0,1.0
226,00b838c358175255,True,1.0,1.0,0.8394717908030237,1.0,1.0,1.0,0.9331132461679266
227,8067c4f48fe45421,True,1.0,1.0,0.8287721366798083,1.0,1.0,1.0,0.92865505694992
228,471869e791085ef6,True,1.0,1.0,0.9244248375269776,1.0,1.0,1.0,0.968510348969574
229,6410f5684be757b5,True,1.0,1.0,0.6997283611602587,1.0,1.0,1.0,0.8748868171501077
230,f36dbc258c8b5e17,True,1.0,1.0,1.0,1.0,1.0,1.0,1.0
231,b00afb2388cd5007,True,1.0,1.0,1.0,1.0,1.0,1.0,1.0
232,cbd14310b3885779,True,1.0,1.0,0.8175814260367658,1.0,1.0,1.0,0.9239922608486525
233,b0a7f01e57205fb4,True,1.0,1.0,0.5599336422972755,1.0,1.0,1.0,0.8166390176238648
234,16f3b92e5d56573a,True,1.0,1.0,1.0,1.0,1.0,1.0,1.0
235,398010cdaac05adc,True,1.0,1.0,0.9666927275799412,1.0,1.0,1.0,0.9861219698249754
236,54ab49005da25b3e,True,1.0,1.0,0.5932594528628261,1.0,1.0,1.0,0.8305247720261776
237,4c5c196977b255f5,True,1.0,1.0,0.8835839116310368,1.0,1.0,1.0,0.951493296512932
238,0715626fc800527e,True,1.0,1.0,1.0,1.0,1.0,1.0,1.0
239,d532c0b3a43a52dc,True,1.0,1.0,0.9119494273508025,1.0,1.0,1.0,0.9633122613961677
240,b462af5600bf5f88,True,1.0,1.0,1.0,1.0,1.0,1.0,1.0
241,5303407715805679,True,1.0,1.0,1.0,1.0,1.0,1.0,1.0
242,24edcd5e5b7f546a,True,1.0,1.0,0.9435129862273771,1.0,1.0,1.0,0.976463744261407
243,0994517bde3c5188,True,1.0,1.0,0.5272336483994131,1.0,1.0,1.0,0.8030140201664221
244,028613e11f415422,True,1.0,1.0,0.8886401686097416,1.0,1.0,1.0,0.9536000702540589
245,ef4e7ef102395420,True,1.0,1.0,0.9649401274679915,1.0,1.0,1.0,0.9853917197783298
246,18f8562c9bb55561,True,1.0,1.0,1.0,1.0,1.0,1.0,1.0
247,3a4e9626c9aa5fa0,True,1.0,1.0,0.960046758191137,1.0,1.0,1.0,0.9833528159129737
248,d3d9e16508ae5756,True,1.0,0.0,0.0,1.0,1.0,1.0,0.0
249,0ef7ecd9c0035467,True,1.0,1.0,0.7936525968509249,1.0,1.0,1.0,0.9140219153545521
250,e61adc75d7da50c3,True,1.0,1.0,1.0,1.0,1.0,0.5,1.0
251,e9597ce7a5a7589b,True,1.0,1.0,1.0,1.0,1.0,1.0,1.0
252,04605629ea8a50cc,True,1.0,1.0,0.609499518528031,1.0,1.0,1.0,0.8372914660533463
253,748d7e95687d5d26,True,1.0,1.0,1.0,1.0,1.0,1.0,1.0
254,dd43c6087aca5206,True,1.0,1.0,0.7149117065511111,1.0,1.0,1.0,0.881213211062963
255,9d55692d15dc5155,True,1.0,1.0,1.0,1.0,1.0,1.0,1.0
256,bbc93f086726531e,True,1.0,1.0,0.973240299093906,1.0,1.0,1.0,0.9888501246224607
257,483bb60b0a0451e6,True,1.0,1.0,0.7467769907690153,1.0,1.0,1.0,0.8944904128204231
258,784c48e2a44c5036,True,1.0,1.0,0.8406305406397748,1.0,1.0,0.0,0.9335960585999062
259,4afad5f528f45dfe,True,1.0,0.0,0.0,1.0,1.0,1.0,0.0
260,4768080b04d5530e,True,1.0,1.0,0.9696727292574874,1.0,1.0,1.0,0.9873636371906197
261,9a94341d994d5ec9,True,1.0,1.0,0.7815509357199323,1.0,1.0,1.0,0.9089795565499719
262,0972cf3a4c5d5a39,True,1.0,1.0,0.7775751903478577,1.0,1.0,1.0,0.9073229959782741
263,cdae0433bb5d5b9e,True,1.0,1.0,1.0,1.0,1.0,1.0,1.0
264,e36762528cdb5e37,True,1.0,1.0,0.47726539586312317,1.0,1.0,1.0,0.782193914942968
265,e0164d976037592c,True,1.0,1.0,0.8356007798749683,1.0,1.0,1.0,0.9315003249479035
266,ee6d63d4e8b35518,True,1.0,1.0,0.849193997401674,1.0,1.0,1.0,0.9371641655840307
267,ade00f93385b5d14,True,1.0,1.0,1.0,1.0,1.0,1.0,1.0
268,52a632acca085891,True,1.0,1.0,0.8893545036118659,1.0,1.0,1.0,0.9538977098382775
269,3e44ba1b6a675c54,True,1.0,1.0,0.711916120349036,1.0,1.0,1.0,0.8799650501454317
270,a259460cd13f55c2,True,1.0,1.0,1.0,1.0,1.0,1.0,1.0
271,47ece51118f95d1d,True,1.0,1.0,1.0,1.0,1.0,1.0,1.0
272,1935e5d682ff5981,True,1.0,1.0,0.7825033405116073,1.0,1.0,1.0,0.9093763918798364
273,8a6717a888fe55f9,True,1.0,1.0,0.8006423417138467,1.0,1.0,1.0,0.9169343090474361
274,59c19d828f665a79,True,1.0,1.0,0.755157491611604,1.0,1.0,1.0,0.8979822881715016
275,45c4158a235e514a,True,1.0,1.0,1.0,1.0,1.0,1.0,1.0
276,f7c57baf089e561b,True,1.0,1.0,1.0,1.0,1.0,1.0,1.0
277,8e04fd5e1613597a,True,1.0,1.0,0.893508979757118,1.0,1.0,1.0,0.9556287415654658
278,3f664a7d5f5e5bba,True,1.0,1.0,1.0,1.0,1.0,1.0,1.0
279,44230a68f8305c14,True,1.0,1.0,0.9239245199729302,1.0,1.0,1.0,0.9683018833220544
280,bc667a4fc0f454d7,True,1.0,1.0,0.8795593244473782,1.0,1.0,1.0,0.9498163851864075
281,6de8e1962fc4559a,True,1.0,1.0,0.8626882538467695,1.0,1.0,1.0,0.942786772436154
282,1dc437ce152e55fa,True,1.0,1.0,0.8202809642316136,1.0,1.0,1.0,0.925117068429839
283,248288deae795ad8,True,1.0,1.0,0.864707185581334,1.0,1.0,1.0,0.9436279939922225
284,2b006c0fae365892,True,1.0,1.0,1.0,1.0,1.0,1.0,1.0
285,62515ff6d52a5e89,True,1.0,1.0,0.8227782276533158,1.0,1.0,1.0,0.9261575948555483
286,35fa5481e4de5703,True,1.0,1.0,0.8094161661695342,1.0,1.0,1.0,0.9205900692373059
287,834cf95826ec5c73,True,1.0,1.0,0.7753980124816985,1.0,1.0,1.0,0.906415838534041
288,66a0abcb3eac57df,True,1.0,1.0,0.6326425668325145,1.0,1.0,1.0,0.8469344028468809
289,654f6079561e5cdb,True,1.0,1.0,0.9888770757664664,1.0,1.0,1.0,0.9953654482360278
290,15cd405711fa54f8,True,1.0,1.0,0.9813674012266856,1.0,1.0,0.5,0.9922364171777858
291,e6ff5e16c5f25533,True,0.0,1.0,0.0,0.0,1.0,1.0,0.0
292,a03c5e53159f54c3,True,1.0,1.0,1.0,1.0,1.0,1.0,1.0
293,db29291cd4ee5499,True,1.0,1.0,1.0,1.0,1.0,1.0,1.0
294,257d737fc3865fd1,True,1.0,1.0,0.5859205551256711,1.0,1.0,1.0,0.8274668979690296
295,1270261ff182534f,True,1.0,1.0,0.9832660846149137,1.0,1.0,1.0,0.9930275352562141
296,4a919f7ea2f65200,True,1.0,0.0,0.0,1.0,1.0,1.0,0.0
297,abb5501b10e65b19,True,1.0,1.0,1.0,1.0,1.0,1.0,1.0
298,d1af94a471135add,True,1.0,1.0,0.7291796678042175,1.0,1.0,1.0,0.887158194918424
299,ef90f66b5d465ebf,True,1.0,1.0,1.0,1.0,1.0,1.0,1.0
300,19611832f7595b10,True,0.0,0.0,0.0,0.0,1.0,0.5,0.0
301,f3a61425920f57a7,True,1.0,1.0,1.0,0.0,1.0,1.0,0.5833333333333334
302,415b05ca44da5fbb,True,1.0,1.0,1.0,1.0,1.0,1.0,1.0
303,4e0667aa6ead5e7d,True,1.0,1.0,0.9582432808855105,1.0,1.0,1.0,0.9826013670356293
304,6498149e85ef5b8d,True,1.0,1.0,1.0,1.0,1.0,1.0,1.0
305,313a7548b23b5b8f,True,1.0,1.0,0.8296870760913021,1.0,1.0,1.0,0.9290362817047093
306,5ff5c54200fe53fb,True,1.0,1.0,0.7760503466414419,1.0,1.0,1.0,0.9066876444339341
307,f16fe36eef2b5157,True,1.0,1.0,1.0,1.0,1.0,1.0,1.0
308,0e74f7b5b7c45c1b,True,1.0,1.0,0.8459610752658282,1.0,1.0,1.0,0.9358171146940951
309,290a914d4ef15443,True,1.0,1.0,0.8338401732547783,1.0,1.0,1.0,0.9307667388561577
310,4ae7296f92115e83,True,1.0,1.0,0.8460439769698631,1.0,1.0,1.0,0.9358516570707763
311,c86e7d3c0dfb57bd,True,1.0,0.0,0.0,1.0,1.0,1.0,0.0
312,72be63ed04f15f97,True,1.0,1.0,1.0,1.0,1.0,1.0,1.0
313,73872fdc28995ad6,True,1.0,1.0,0.7574218883044198,1.0,1.0,1.0,0.8989257867935082
314,9ecb100495a5584e,True,1.0,1.0,1.0,1.0,1.0,1.0,1.0
315,c62dafe55b9d538d,True,1.0,1.0,1.0,1.0,1.0,1.0,1.0
316,e83be8437b0c5862,True,1.0,1.0,1.0,1.0,1.0,1.0,1.0
317,f1def9ef86125c39,True,1.0,1.0,1.0,1.0,1.0,1.0,1.0
318,0b9a48e2b0d351b9,True,1.0,1.0,1.0,1.0,1.0,1.0,1.0
319,5027a61161365407,True,1.0,1.0,0.9501246097594267,1.0,1.0,1.0,0.9792185873997612
320,bc68d211a62d5c19,True,1.0,1.0,1.0,1.0,1.0,1.0,1.0
321,a51ed55eaa9c54c9,True,1.0,1.0,0.8025024867419963,1.0,1.0,1.0,0.9177093694758319
322,b639f9aef8055d40,True,1.0,1.0,0.6708786753660129,1.0,1.0,1.0,0.8628661147358386
323,b0a6370d836a59ed,True,1.0,1.0,1.0,1.0,1.0,1.0,1.0
324,40ffdefe6d2f541a,True,1.0,0.0,0.0,1.0,1.0,1.0,0.0
325,757fb1d7679c5dc2,True,1.0,1.0,0.8258754871651942,1.0,1.0,1.0,0.9274481196521642
326,e001c497823c5154,True,1.0,1.0,1.0,1.0,1.0,1.0,1.0
327,20a6e330d8f1571b,True,1.0,1.0,0.8219513088963837,1.0,1.0,1.0,0.9258130453734932
328,3770407dcc67520c,True,1.0,1.0,0.7694071873615932,1.0,1.0,1.0,0.9039196614006638
329,8aa8e3e16c035d5e,True,1.0,1.0,1.0,1.0,1.0,1.0,1.0
330,9326163d4c9c5d16,True,1.0,1.0,0.8780871536678697,1.0,1.0,0.0,0.9492029806949457
331,36e98388f7a35159,True,1.0,1.0,1.0,1.0,1.0,1.0,1.0
332,81935f2cb7d45945,True,1.0,1.0,0.9366817320604246,1.0,1.0,1.0,0.9736173883585103
333,ec5e157a5222534d,True,1.0,1.0,0.6665034761062277,1.0,1.0,1.0,0.8610431150442616
334,b50cf2a689a55433,True,1.0,1.0,0.8670758475356005,1.0,1.0,1.0,0.9446149364731667
335,87423b239de058c9,True,1.0,1.0,0.8721679362936707,1.0,1.0,1.0,0.9467366401223628
336,59b4bb47cf6656cf,True,0.0,1.0,0.0,0.0,1.0,1.0,0.0
337,ee53e7213c995a0b,True,1.0,1.0,1.0,1.0,1.0,1.0,1.0
338,45b494315ca85268,True,1.0,1.0,0.8721994990691727,1.0,1.0,1.0,0.946749791278822
339,ffe848c5ab4e5b30,True,1.0,1.0,0.8186932696791583,1.0,1.0,1.0,0.9244555290329827
340,aab09057df0a515d,True,1.0,1.0,0.8160916143250169,1.0,1.0,1.0,0.9233715059687571
341,4581d95a873c5679,True,1.0,0.0,0.0,0.0,1.0,0.0,0.0
342,0ed2cf016ddc5f90,True,1.0,1.0,0.7749290272676332,1.0,1.0,1.0,0.9062204280281806
343,69f50b1f6c4d5f4b,True,1.0,1.0,1.0,1.0,1.0,1.0,1.0
344,a452d968db965d77,True,1.0,1.0,0.8910418711620149,1.0,1.0,1.0,0.9546007796508396
345,8ed81a3cabde5dcf,True,1.0,1.0,0.840780515749922,1.0,1.0,1.0,0.9336585482291341
346,351226f263825b4b,True,1.0,1.0,1.0,1.0,1.0,1.0,1.0
347,3e96578a903d59d8,True,1.0,1.0,1.0,1.0,1.0,1.0,1.0
348,9baf3c1d42b25070,True,1.0,1.0,1.0,1.0,1.0,1.0,1.0
349,dc952092ef6a5243,True,1.0,1.0,0.5736057975039862,1.0,1.0,1.0,0.8223357489599943
350,98045d12586d50b6,True,1.0,1.0,0.9062544926256897,1.0,1.0,1.0,0.9609393719273708
351,f897914e6f0c52e5,True,1.0,1.0,1.0,1.0,1.0,1.0,1.0
352,80d8679b8c215769,True,1.0,1.0,1.0,1.0,1.0,1.0,1.0
353,35dbc03efb3c5f00,True,1.0,1.0,1.0,1.0,1.0,1.0,1.0
354,db601036b2fb58d7,True,1.0,1.0,1.0,1.0,1.0,1.0,1.0
355,955af39177fe5ba1,True,1.0,1.0,0.8301644129405066,1.0,1.0,1.0,0.9292351720585444
356,3ec484ccad125e99,True,1.0,1.0,1.0,1.0,1.0,1.0,1.0
357,a3c54d0e80375911,True,1.0,1.0,1.0,1.0,1.0,1.0,1.0
358,68ea9d09300c5886,True,1.0,1.0,1.0,1.0,1.0,1.0,1.0
359,98a1233e3db75a8a,True,1.0,1.0,0.9445438407855339,1.0,1.0,1.0,0.9768932669939724
360,1b4499d988b052ce,True,1.0,1.0,1.0,1.0,1.0,1.0,1.0
361,b691d77ef9ff5d5e,True,1.0,1.0,1.0,1.0,1.0,1.0,1.0
362,6ebf87c3da335680,True,1.0,1.0,1.0,1.0,1.0,1.0,1.0
363,c40e41ba1a285e0d,True,1.0,1.0,1.0,1.0,1.0,1.0,1.0
364,24e453c47f635ae2,True,1.0,1.0,0.7417333916472373,1.0,1.0,1.0,0.8923889131863488
365,d3e99c65bb2a5d79,True,1.0,0.0,0.0,1.0,1.0,1.0,0.0
366,8a3c6c3502035e11,True,1.0,1.0,0.5907838789585724,1.0,1.0,0.5,0.8294932828994052
367,c35f0df7bfdb5140,True,1.0,1.0,1.0,1.0,1.0,1.0,1.0
368,ada62613f2ce5a33,True,1.0,1.0,0.9477370676491352,1.0,1.0,1.0,0.9782237781871398
369,8bebc6662b36505f,True,1.0,1.0,0.7893000100284535,1.0,1.0,1.0,0.9122083375118556
370,55b7f0c50f4a5157,True,1.0,1.0,1.0,1.0,1.0,1.0,1.0
371,caee3d86c00351e6,True,1.0,1.0,0.8105618232344052,1.0,1.0,1.0,0.9210674263476687
372,30dafbb048775d29,True,1.0,1.0,0.7666991258657407,1.0,1.0,1.0,0.9027913024440587
373,9d864c15bf7d5414,True,1.0,0.0,0.0,1.0,1.0,1.0,0.0
374,111cb2c23a325817,True,1.0,1.0,0.7651709559830842,1.0,1.0,1.0,0.9021545649929518
375,f29d6171f46b551d,True,1.0,1.0,0.7974390695002848,1.0,1.0,1.0,0.9155996122917852
376,3cb9b99bc4185d33,True,1.0,1.0,0.881771536042542,1.0,1.0,1.0,0.9507381400177258
377,b87c15c9f6cf54eb,True,1.0,1.0,1.0,1.0,1.0,1.0,1.0
378,51ab6f367130574d,True,1.0,1.0,0.8058813387576303,1.0,1.0,1.0,0.919117224482346
379,81917c1e1a9b5cdc,True,1.0,1.0,0.9590696724904214,1.0,1.0,1.0,0.9829456968710089
380,13da814cde3a525b,True,1.0,1.0,0.9421677052712443,1.0,1.0,1.0,0.9759032105296851
381,67dbad26dd165f16,True,1.0,1.0,0.6701598960052024,1.0,1.0,1.0,0.862566623335501
382,0c318d7923d15b78,True,1.0,1.0,0.9461100031224546,1.0,1.0,1.0,0.9775458346343561
383,0027db600afe56ca,True,1.0,1.0,1.0,1.0,1.0,1.0,1.0
384,3789d42ea83f569d,True,1.0,1.0,0.6329489433212865,1.0,1.0,1.0,0.8470620597172026
385,963ea50b7eb2554b,True,1.0,1.0,1.0,1.0,1.0,1.0,1.0
386,28ecbec6051d5527,True,1.0,0.0,0.0,1.0,1.0,1.0,0.0
387,d796c1764d575153,True,1.0,1.0,1.0,1.0,1.0,1.0,1.0
388,9790b7cbcd1a5203,True,1.0,1.0,0.7268717977644482,1.0,1.0,1.0,0.8861965824018534
389,f1494fd9840c5014,True,1.0,1.0,1.0,1.0,1.0,1.0,1.0
390,8ee3467219fc5c8a,True,1.0,1.0,0.6387170420888572,1.0,1.0,1.0,0.8494654342036906
391,1e921882661b5a6b,True,1.0,1.0,0.7460861970331123,1.0,1.0,1.0,0.8942025820971301
392,fbc91394092b5dbb,True,1.0,1.0,0.7739080394941643,1.0,1.0,1.0,0.9057950164559019
393,6e59104beb995339,True,1.0,1.0,0.772023662247992,1.0,1.0,1.0,0.9050098592699967
394,73c6bf15d3cc58e4,True,1.0,1.0,0.7850867487920544,1.0,1.0,1.0,0.9104528119966894
395,222a07b15e165f6f,True,1.0,1.0,1.0,1.0,1.0,1.0,1.0
396,aa1b434771cb52d0,True,1.0,1.0,1.0,1.0,1.0,1.0,1.0
397,b14ac3255b3b520b,True,1.0,1.0,1.0,1.0,1.0,1.0,1.0
398,6891e8163e4d5e58,True,1.0,1.0,0.7984319590186937,1.0,1.0,1.0,0.9160133162577889
399,e5b0b2c83a395163,True,1.0,1.0,1.0,1.0,1.0,1.0,1.0
400,9695a17335715894,True,1.0,1.0,0.8200782699659512,1.0,1.0,1.0,0.925032612485813
401,ec097e80d5565caa,True,1.0,1.0,0.16781505338502795,1.0,1.0,1.0,0.6532562722437617
402,6012210b020c53a9,True,1.0,1.0,0.8196358082823485,1.0,1.0,0.5,0.9248482534509787
403,87fa0c79b31c563a,True,1.0,0.0,0.0,1.0,1.0,1.0,0.0
404,1666152446cc5da7,True,1.0,1.0,0.7943670684467014,1.0,1.0,1.0,0.9143196118527923
405,816a869e91ae5d17,True,1.0,0.0,0.0,0.0,1.0,1.0,0.0
406,055e7b577c645e2e,True,1.0,1.0,0.981183552532333,1.0,1.0,1.0,0.9921598135551388
407,708d081d555a5aa7,True,1.0,1.0,0.5811323790255073,1.0,1.0,1.0,0.8254718245939614
408,2e037aeeebce56df,True,1.0,1.0,0.716195764629194,1.0,1.0,1.0,0.8817482352621641
409,30827c8c62c55b46,True,1.0,1.0,0.9149415929240768,1.0,1.0,1.0,0.9645589970516987
410,fb2ff1ed5e1b529f,True,1.0,1.0,1.0,1.0,1.0,0.5,1.0
411,34b812e4de1a536b,True,1.0,1.0,0.7434345957786015,1.0,1.0,1.0,0.8930977482410839
412,bf896d504b4356c7,True,1.0,1.0,0.31965261360413444,1.0,1.0,1.0,0.716521922335056
413,0c330f8c6d6658ee,True,1.0,1.0,0.7113264386822576,1.0,1.0,1.0,0.8797193494509408
414,d9c700e9e21b50ba,True,1.0,1.0,1.0,1.0,1.0,1.0,1.0
415,abe4fa26de85552d,True,1.0,1.0,1.0,1.0,1.0,1.0,1.0
416,c1f712e1aed35216,True,1.0,1.0,0.805799179255457,1.0,1.0,1.0,0.9190829913564403
417,f211c8127aff5246,True,1.0,1.0,0.9819630884405118,1.0,1.0,1.0,0.9924846201835466
418,2de709220e34507e,True,1.0,1.0,1.0,1.0,1.0,1.0,1.0
419,63a80bcca90b5dec,True,1.0,1.0,0.763253547512274,1.0,1.0,1.0,0.9013556447967809
420,2e5997dafce45eb2,True,1.0,1.0,0.7052182214948793,1.0,1.0,1.0,0.8771742589561997
421,2070f12707d95924,True,1.0,1.0,0.7379847287481623,1.0,1.0,1.0,0.8908269703117343
422,e7ae612e880e5d5f,True,1.0,1.0,0.982562347601506,1.0,1.0,1.0,0.9927343115006275
423,7ae0a03be0c357d2,True,1.0,1.0,0.6776674600875672,1.0,1.0,1.0,0.8656947750364864
424,cfbf3f55398f5fc6,True,1.0,1.0,0.5753528978395338,1.0,1.0,1.0,0.8230637074331391
425,1636385aa7ce5995,True,1.0,1.0,0.996771950833386,1.0,1.0,1.0,0.9986549795139107
426,63f4362f90ef55a1,True,1.0,1.0,0.7830566690086272,1.0,1.0,1.0,0.9096069454202613
427,aace7a7aeaf75f2c,True,1.0,1.0,0.9519933235670073,1.0,1.0,1.0,0.9799972181529197
428,ad34e2d0d3865530,True,1.0,1.0,0.6922611831816784,1.0,1.0,1.0,0.871775492992366
429,e0190f0059145fc6,True,1.0,1.0,1.0,1.0,1.0,1.0,1.0
430,39b4d546300958ad,True,1.0,1.0,1.0,1.0,1.0,1.0,1.0
431,5a8a6c9d92935076,True,1.0,0.0,0.0,1.0,1.0,1.0,0.0
432,2919cd502115582a,True,1.0,1.0,1.0,1.0,1.0,1.0,1.0
433,6e778c30490d5f50,True,1.0,1.0,0.5527570713523436,1.0,1.0,1.0,0.8136487797301433
434,e9bfb4821bfd5801,True,1.0,1.0,1.0,1.0,1.0,1.0,1.0
435,559c83269c035643,True,1.0,1.0,1.0,1.0,1.0,1.0,1.0
436,257773cfd41d59d5,True,1.0,1.0,0.6102263441640756,1.0,1.0,1.0,0.8375943100683649
437,053895d2bfc754f3,True,1.0,1.0,0.8296220851037923,1.0,1.0,1.0,0.9290092021265801
438,5b78dd344203528e,True,1.0,1.0,0.6740173388583853,1.0,1.0,1.0,0.864173891190994
439,9ffd8ba0c7f75398,True,1.0,1.0,0.8040807909878974,1.0,1.0,1.0,0.9183669962449573
440,5c1b8e332d105b79,True,1.0,0.0,0.0,1.0,1.0,1.0,0.0
441,2cd1545c4c835ead,True,1.0,1.0,0.8561010261567968,1.0,1.0,1.0,0.9400420942319987
442,7d70562315ff5bc1,True,1.0,1.0,1.0,1.0,1.0,1.0,1.0
443,ff9058bacb845910,True,1.0,1.0,1.0,1.0,1.0,1.0,1.0
444,d5ea47f2ec1550b2,True,1.0,1.0,0.9518631859593509,1.0,1.0,1.0,0.9799429941497295
445,16125101defb5b51,True,1.0,1.0,1.0,1.0,1.0,1.0,1.0
446,c06c4ffcf72653a5,True,1.0,1.0,1.0,1.0,1.0,1.0,1.0
447,09babda49aa659a1,True,1.0,1.0,1.0,1.0,1.0,1.0,1.0
448,2541de938ff15eee,True,1.0,1.0,0.8436053785827541,1.0,1.0,1.0,0.9348355744094808
449,08a135d9245b50c2,True,1.0,1.0,0.9152953427496602,1.0,1.0,1.0,0.9647063928123584
450,5ca7353cbe4a5cf7,True,1.0,1.0,1.0,1.0,1.0,1.0,1.0
451,2ec48f094e475d85,True,1.0,1.0,1.0,1.0,1.0,1.0,1.0
452,36e1ce5794595e73,True,1.0,1.0,1.0,1.0,1.0,1.0,1.0
453,1cddfddca0bd560a,True,1.0,1.0,1.0,1.0,1.0,1.0,1.0
454,d01fec804cd45644,True,1.0,1.0,0.6804311488068188,1.0,1.0,1.0,0.8668463120028411
455,89ae8d041c145f8f,True,1.0,1.0,1.0,1.0,1.0,1.0,1.0
456,4256146a0b765876,True,1.0,1.0,1.0,1.0,1.0,1.0,1.0
457,8bb7091fe0d959fc,True,1.0,1.0,1.0,1.0,1.0,1.0,1.0
458,b814c5b773165d87,True,1.0,1.0,0.8089309060419686,1.0,1.0,1.0,0.920387877517487
459,be43454e5a4f5a2a,True,1.0,1.0,0.6769203561513876,1.0,1.0,1.0,0.8653834817297449
460,ef886d0dee3e534c,True,1.0,1.0,0.8137337245017234,1.0,1.0,1.0,0.9223890518757182
461,c2cfb091173a5ca2,True,1.0,1.0,1.0,1.0,1.0,1.0,1.0
462,778219f3cac65d35,True,1.0,1.0,0.7552628844413025,1.0,1.0,1.0,0.8980262018505427
463,efd90f7518445bef,True,1.0,1.0,1.0,1.0,1.0,1.0,1.0
464,be0ea3126c955eae,True,1.0,1.0,0.6948853136454533,1.0,1.0,1.0,0.8728688806856054
465,08e2e519ac1e5226,True,1.0,1.0,1.0,1.0,1.0,1.0,1.0
466,d0785c050c1350e7,True,1.0,1.0,1.0,1.0,1.0,1.0,1.0
467,15b0967d1dab53f8,True,1.0,1.0,1.0,1.0,1.0,1.0,1.0
468,5237b49651b35ffb,True,1.0,1.0,1.0,1.0,1.0,1.0,1.0
469,ae46065dc9ce55b1,True,1.0,1.0,1.0,1.0,1.0,1.0,1.0
470,b76b03503cf95c02,True,1.0,1.0,1.0,1.0,1.0,1.0,1.0
471,1719439969a55cc6,True,1.0,1.0,0.9450635402139766,1.0,1.0,1.0,0.9771098084224903
472,dc4b44d8961e538a,True,1.0,1.0,0.7668047433703967,1.0,1.0,1.0,0.9028353097376653
473,b4ec906c4dbe5735,True,1.0,1.0,0.9807068165660668,1.0,1.0,1.0,0.9919611735691944
474,79cfc07ef4645c81,True,1.0,1.0,0.7568497722159918,1.0,1.0,1.0,0.8986874050899966
475,3748f0fadf395c8a,True,1.0,1.0,0.8076319662343442,1.0,1.0,1.0,0.9198466525976435
476,476ad53b78325ef2,True,1.0,1.0,0.5351757963973971,1.0,1.0,0.5,0.8063232484989155
477,8237f47b224952b4,True,1.0,1.0,0.9909011154758658,1.0,1.0,1.0,0.9962087981149441
478,505e82147a375933,True,1.0,1.0,0.9872513752904276,1.0,1.0,1.0,0.9946880730376781
479,32a409f974555830,True,1.0,1.0,1.0,1.0,1.0,1.0,1.0
480,ea3b45489faf5c70,True,1.0,1.0,0.7023386821168863,1.0,1.0,1.0,0.875974450882036
481,cb70f332bc5f5bcf,True,1.0,1.0,1.0,1.0,1.0,1.0,1.0
482,cd0fd62195e552da,True,1.0,1.0,0.7864846665030976,1.0,1.0,1.0,0.9110352777096239
483,f096ff143e815978,True,1.0,1.0,0.9821653828007105,1.0,1.0,1.0,0.9925689095002962
484,537935a8e7b653f2,True,1.0,1.0,0.5881648053834296,1.0,1.0,0.5,0.8284020022430957
485,1c044069a36c5d4b,True,1.0,1.0,0.7674775554226937,1.0,1.0,1.0,0.903115648092789
486,4cc7fc580fe45bd1,True,1.0,1.0,1.0,1.0,1.0,1.0,1.0
487,7fc46d2957805648,True,1.0,1.0,1.0,1.0,1.0,1.0,1.0
488,12177b43d67d51a7,True,1.0,1.0,1.0,1.0,1.0,1.0,1.0
489,e36e9da57e1e5e32,True,1.0,1.0,0.5314629066545005,1.0,1.0,1.0,0.8047762111060418
490,960b735b1eac5dab,True,1.0,1.0,1.0,1.0,1.0,1.0,1.0
491,402ec186b8ea545e,True,1.0,1.0,0.9727801378431973,1.0,1.0,1.0,0.9886583907679989
492,96eed7e55d4c5f8b,True,1.0,1.0,0.8345420473919207,1.0,1.0,1.0,0.9310591864133002
493,948e3c9e26805b86,True,1.0,1.0,1.0,1.0,1.0,1.0,1.0
494,dd162898ecf351d4,True,1.0,1.0,1.0,1.0,1.0,1.0,1.0
495,f2e0d7e15fa253f0,True,1.0,1.0,0.7825105495248185,1.0,1.0,1.0,0.909379395635341
496,a6706582212458bb,True,1.0,1.0,0.9242279324946658,1.0,1.0,1.0,0.9684283052061108
497,94e8a92d53635c38,True,1.0,1.0,0.6659758708573658,1.0,1.0,1.0,0.8608232795239025
498,cb8b1f36617c50d4,True,1.0,1.0,0.8302337760271226,1.0,1.0,1.0,0.9292640733446343
499,8d90099a801d5682,True,1.0,0.0,0.0,1.0,1.0,1.0,0.0
500,61d847c3a95f5032,True,1.0,1.0,0.862057866144228,1.0,1.0,1.0,0.9425241108934284
501,b9c124bdb19956b7,True,1.0,1.0,0.6683932818552601,1.0,1.0,1.0,0.8618305341063585
502,944a55f58a59597f,True,1.0,1.0,1.0,1.0,1.0,1.0,1.0
503,a164681774715cea,True,1.0,1.0,0.7629303276593319,1.0,1.0,1.0,0.901220969858055
504,34e7c93be2465f25,True,1.0,1.0,0.5487881763221428,1.0,1.0,1.0,0.8119950734675595
505,ae878998fecb50a5,True,1.0,1.0,0.6236426743765332,1.0,1.0,1.0,0.8431844476568888
506,ad2ceb40a046543c,True,1.0,1.0,1.0,1.0,1.0,1.0,1.0
507,f15b772180455c2f,True,1.0,1.0,0.7063290012427413,1.0,1.0,1.0,0.8776370838511421
508,667360ba7d595e46,True,1.0,1.0,0.6920892458532679,1.0,1.0,1.0,0.8717038524388615
509,76f053cb2f8851c7,True,1.0,1.0,1.0,1.0,1.0,1.0,1.0
510,d0de8d6a350d55d9,True,1.0,1.0,1.0,1.0,1.0,1.0,1.0
511,6c00b2782d3b5f6e,True,1.0,1.0,0.7572496532521886,1.0,1.0,1.0,0.8988540221884119
512,944eece37ff15fa1,True,1.0,1.0,0.8604212680152761,1.0,1.0,1.0,0.9418421950063651
513,a305b24487775cfc,True,1.0,1.0,1.0,0.0,1.0,1.0,0.5833333333333334
514,be6f90f06bc35be3,True,1.0,1.0,0.6291095409895022,1.0,1.0,1.0,0.8454623087456259
515,3260b9e0a6ac5b8b,True,1.0,1.0,0.6819803893065095,1.0,1.0,1.0,0.8674918288777124
516,2c5ed5662dfb5ee9,True,1.0,1.0,0.9535203734132482,1.0,1.0,1.0,0.9806334889221867
517,359f62a656b9586d,True,1.0,1.0,0.881304805090417,1.0,1.0,1.0,0.9505436687876738
518,ce6eb4e00dac5ae3,True,1.0,1.0,0.7831771448707362,1.0,1.0,1.0,0.90965714369614
519,67a6bdeb096350ec,True,1.0,1.0,0.9336021956400617,1.0,1.0,1.0,0.9723342481833591
520,31aa58748e2c5495,True,1.0,1.0,1.0,1.0,1.0,1.0,1.0
521,7b7ce3374d1e51dc,True,1.0,1.0,1.0,1.0,1.0,1.0,1.0
522,4bc54773ae245d10,True,1.0,1.0,1.0,1.0,1.0,1.0,1.0
523,3ea2b59016145c63,True,1.0,1.0,1.0,1.0,1.0,1.0,1.0
524,c418551cd6285092,True,1.0,1.0,0.7408073013455718,1.0,1.0,1.0,0.8920030422273216
525,a61b9afbe5d857b1,True,1.0,1.0,0.7793989423749417,1.0,1.0,1.0,0.9080828926562257
526,d20a475e7b1956bf,True,1.0,1.0,1.0,1.0,1.0,1.0,1.0
527,d2f121776fd05b4b,True,1.0,1.0,1.0,1.0,1.0,1.0,1.0
528,196375ae13835990,True,1.0,1.0,0.9932821096173777,1.0,1.0,1.0,0.9972008790072406
529,b5c2d13e8d5c517a,True,1.0,1.0,0.8055242403057451,1.0,1.0,1.0,0.918968433460727
530,23d70775af9754e8,True,1.0,1.0,1.0,1.0,1.0,1.0,1.0
531,3bf245d895b25ec0,True,1.0,1.0,0.9761553953573415,1.0,1.0,1.0,0.990064748065559
532,089e3eac4f7e5c5c,True,1.0,1.0,0.9081844023041773,1.0,1.0,1.0,0.961743500960074
533,52b428b6ff135845,True,1.0,1.0,1.0,1.0,1.0,1.0,1.0
534,436728a1202a5ae6,True,1.0,1.0,0.7465276769652037,1.0,1.0,1.0,0.8943865320688348
535,2035406a3a6955be,True,1.0,1.0,0.5465260140172707,1.0,1.0,1.0,0.8110525058405296
536,a756084987b256e5,True,1.0,1.0,0.768684719546268,1.0,1.0,1.0,0.9036186331442785
537,9b3eda2685e75099,True,1.0,1.0,1.0,1.0,1.0,1.0,1.0
538,00685a5276625b57,True,1.0,1.0,0.7556333345591403,1.0,1.0,1.0,0.8981805560663085
539,ae05160436d45a62,True,1.0,0.0,0.0,1.0,1.0,1.0,0.0
540,7780e502545a5df7,True,1.0,1.0,0.7339106852014334,1.0,1.0,1.0,0.8891294521672638
541,5c9d51dc830453c5,True,1.0,1.0,0.8057647665009511,1.0,1.0,1.0,0.9190686527087296
542,1423dcf83efa5241,True,1.0,1.0,0.6804980682447194,1.0,1.0,1.0,0.8668741951019664
543,9a6489254d5f5577,True,1.0,1.0,0.5664625682960293,1.0,1.0,1.0,0.8193594034566788
544,6e190fde9f8958f1,True,1.0,1.0,0.785636671939172,1.0,1.0,1.0,0.9106819466413216
545,6debfcfccc75589c,True,1.0,1.0,0.8012426254910475,1.0,1.0,1.0,0.9171844272879364
546,8733d5cc8ae956df,True,1.0,1.0,0.8483539543360941,1.0,1.0,1.0,0.9368141476400392
547,26de9e2da40c5b0c,True,1.0,1.0,0.6777607139643366,1.0,1.0,1.0,0.8657336308184735
548,a9c9765a005351b9,True,1.0,1.0,1.0,1.0,1.0,1.0,1.0
549,5218653349a6502a,True,1.0,1.0,0.8140313129204975,1.0,1.0,1.0,0.9225130470502073
550,aa2918eb684351bd,True,1.0,1.0,1.0,1.0,1.0,1.0,1.0
551,f1cc8f05115d5db6,True,1.0,1.0,1.0,1.0,1.0,1.0,1.0
552,331a4a4334df5c34,True,1.0,1.0,0.6346894530162113,1.0,1.0,1.0,0.847787272090088
553,1809a28a46465129,True,1.0,1.0,1.0,1.0,1.0,1.0,1.0
554,a366d90f10ca5866,True,1.0,1.0,0.9656356894791054,1.0,1.0,1.0,0.9856815372829605
555,33ecaddeb5735faf,True,1.0,1.0,0.8217621314451851,1.0,1.0,1.0,0.9257342214354938
556,c928d5d9ddc25082,True,1.0,1.0,1.0,1.0,1.0,1.0,1.0
557,940ba87d553456c3,True,1.0,1.0,0.5955267820596711,1.0,1.0,1.0,0.8314694925248629
558,ac808bd1bfac5425,True,1.0,1.0,0.9543483876537004,1.0,1.0,1.0,0.9809784948557084
559,70d79606f745562e,True,1.0,1.0,1.0,1.0,1.0,1.0,1.0
560,a8da6565d00e514a,True,1.0,1.0,0.7928808076455711,1.0,1.0,1.0,0.9137003365189879
561,5eef9aece027548e,True,1.0,1.0,1.0,1.0,1.0,1.0,1.0
562,1893fb783df95146,True,1.0,1.0,1.0,1.0,1.0,1.0,1.0
563,71017c020a0b5a75,True,1.0,1.0,0.8088772446041432,1.0,1.0,1.0,0.9203655185850597
564,4102a6399acf528b,True,1.0,1.0,0.7692912052258893,1.0,1.0,1.0,0.9038713355107872
565,cba43d02cf795a0f,True,1.0,1.0,1.0,1.0,1.0,1.0,1.0
566,67c138fc9ac459b5,True,1.0,1.0,0.782754803377838,1.0,1.0,1.0,0.9094811680740991
567,f2e1685f07675799,True,1.0,1.0,0.8418218960680867,1.0,1.0,1.0,0.9340924566950362
568,037b976caae85af5,True,1.0,1.0,0.6602784220166094,1.0,1.0,1.0,0.8584493425069205
569,79bdb6b499245d65,True,1.0,0.0,0.0,1.0,1.0,1.0,0.0
570,e67729beeaa95c34,True,1.0,1.0,1.0,1.0,1.0,1.0,1.0
571,e1209ca7050c5033,True,1.0,1.0,0.7787791446071796,1.0,1.0,1.0,0.9078246435863249
572,80752a827b8253fe,True,1.0,1.0,0.766659224141226,1.0,1.0,1.0,0.9027746767255108
573,6d66b095f93750f7,True,1.0,1.0,0.9957832140112084,1.0,1.0,1.0,0.9982430058380034
574,efca142f8d93518b,True,1.0,1.0,0.7614580252215996,1.0,1.0,1.0,0.9006075105089998
575,a99280d8424c55b2,True,1.0,1.0,1.0,1.0,1.0,1.0,1.0
576,2e6b78be8c9e5e0c,True,1.0,1.0,1.0,1.0,1.0,1.0,1.0
577,5b834475a09a531c,True,1.0,1.0,0.8639970230033912,1.0,1.0,1.0,0.9433320929180796
578,5a7633ce22365440,True,1.0,1.0,0.719854197749004,1.0,1.0,1.0,0.8832725823954184
579,90c6b53ec4a252bc,True,1.0,1.0,1.0,1.0,1.0,1.0,1.0
580,61421159b240530d,True,1.0,1.0,1.0,1.0,1.0,1.0,1.0
581,f2d4e4b013a3579e,True,1.0,0.0,0.0,1.0,1.0,1.0,0.0
582,90fa31af769c5e8d,True,1.0,1.0,0.9452032121109211,1.0,1.0,1.0,0.9771680050462171
583,4d5c4013a6db5819,True,1.0,1.0,1.0,1.0,1.0,1.0,1.0
584,07064359a6215354,True,1.0,1.0,0.9410067966182629,1.0,1.0,1.0,0.9754194985909429
585,dd951db716735c82,True,1.0,1.0,0.5568549002527102,1.0,1.0,1.0,0.8153562084386293
586,2e90da117016561c,True,1.0,1.0,1.0,1.0,1.0,1.0,1.0
587,35e9a9cf7fb85962,True,1.0,1.0,0.7032701176847106,1.0,1.0,1.0,0.8763625490352961
588,c6e9b00edaa454da,True,1.0,1.0,1.0,1.0,1.0,1.0,1.0
589,b6589175626f5510,True,1.0,1.0,0.7045018052256495,1.0,1.0,1.0,0.8768757521773539
590,84409129e8075bca,True,1.0,0.0,0.0,1.0,1.0,1.0,0.0
591,71246cbb6de459d6,True,1.0,1.0,0.8796292447326967,1.0,1.0,1.0,0.9498455186386235
592,a7a7c9782f3951a1,True,1.0,1.0,1.0,1.0,1.0,1.0,1.0
593,65fd7014a79b5cba,True,1.0,1.0,0.762785098483153,1.0,1.0,1.0,0.9011604577013138
594,0c6772102cc550ef,True,1.0,1.0,1.0,1.0,1.0,1.0,1.0
595,bde15534dcdc5933,True,1.0,1.0,1.0,1.0,1.0,1.0,1.0
596,93512ae1de725307,True,1.0,1.0,1.0,1.0,1.0,1.0,1.0
597,5239e2cfe006568b,True,1.0,1.0,0.825196544209135,1.0,1.0,1.0,0.9271652267538063
598,75811dfc02ce59f7,True,1.0,1.0,0.6949709238462262,1.0,1.0,1.0,0.8729045516025943
599,ccd53fdd1b6e51b8,True,1.0,1.0,0.6436069013495352,1.0,1.0,1.0,0.8515028755623063
600,6f0538a6ba9c5b7f,True,1.0,1.0,1.0,1.0,1.0,1.0,1.0
601,28b94453e1cd578f,True,1.0,1.0,0.8077933752233873,1.0,1.0,1.0,0.9199139063430781
602,f9b3a9c625905d77,True,1.0,1.0,0.9782930993992217,1.0,1.0,1.0,0.990955458083009
603,6d5f5983c8eb5615,True,1.0,1.0,0.7936737170142931,1.0,1.0,1.0,0.9140307154226223
604,d113b39be843564f,True,1.0,1.0,0.8557775838435232,1.0,1.0,1.0,0.939907326601468
605,eb6c8a396bb75a89,True,1.0,1.0,1.0,1.0,1.0,1.0,1.0
606,b0c4bad4c4fa5060,True,1.0,1.0,1.0,1.0,1.0,1.0,1.0
607,498c6f15e5c856bb,True,1.0,1.0,0.6134627402047441,1.0,1.0,1.0,0.8389428084186434
608,6c81fef5b490580a,True,1.0,1.0,0.8564236123391341,0.0,1.0,0.0,0.5235098384746392
609,4eb5bcde81245591,True,1.0,0.0,0.0,1.0,1.0,1.0,0.0
610,bc63d7f1ab7759ee,True,1.0,1.0,0.9256195240939371,1.0,1.0,1.0,0.9690081350391404
611,d3d7a91aff375fc5,True,1.0,1.0,0.7629438020773721,1.0,1.0,1.0,0.901226584198905
612,f1041299a1a059f5,True,1.0,1.0,0.5587204655477196,1.0,1.0,1.0,0.8161335273115498
613,f4458a9c09795afa,True,1.0,1.0,1.0,1.0,1.0,0.5,1.0
614,901b2d48b2ce5bf1,True,1.0,1.0,0.7059579209003765,1.0,1.0,1.0,0.8774824670418235
615,d88f286835b95ff3,True,1.0,1.0,1.0,1.0,1.0,1.0,1.0
616,b5ca533bca505ceb,True,1.0,1.0,1.0,1.0,1.0,1.0,1.0
617,57076e49ca7c5570,True,1.0,1.0,0.7687965329523383,1.0,1.0,1.0,0.9036652220634743
618,a25c025ea58d5409,True,1.0,1.0,0.9698568964544492,1.0,1.0,1.0,0.9874403735226872
619,7be2f6436ce95042,True,1.0,1.0,1.0,1.0,1.0,1.0,1.0
620,7c150adbe5225f20,True,1.0,1.0,0.9854252968346598,1.0,1.0,1.0,0.9939272070144417
621,c90097f9ce775eab,True,1.0,1.0,0.6633789770281111,1.0,1.0,1.0,0.8597412404283796
622,84ed0a5827f656d8,True,1.0,1.0,0.8521248271434473,1.0,1.0,1.0,0.9383853446431031
623,0fc626b8de655cc7,True,1.0,1.0,0.7032549381973526,1.0,1.0,1.0,0.8763562242488968
624,7ff27f83a8995932,True,1.0,1.0,1.0,1.0,1.0,1.0,1.0
625,72779ff1ead25f44,True,1.0,1.0,0.7347837194539567,1.0,1.0,1.0,0.8894932164391486
626,28113a97a08b5ff1,True,1.0,1.0,1.0,0.0,1.0,1.0,0.5833333333333334
627,956e3aa8415b5712,True,1.0,1.0,0.646495141121754,1.0,1.0,1.0,0.8527063088007308
628,14b25ce243865457,True,1.0,1.0,0.7818280217064024,1.0,1.0,1.0,0.9090950090443344
629,f2508193ac0c5f27,True,1.0,1.0,0.6484181557499233,1.0,1.0,1.0,0.8535075648958014
630,0feb5eb464bc52b0,True,1.0,1.0,0.8956878080821906,1.0,1.0,1.0,0.9565365867009127
631,690fef019ad25dd6,True,1.0,1.0,1.0,1.0,1.0,1.0,1.0
632,07c46d77aba054ec,True,1.0,1.0,1.0,1.0,1.0,0.5,1.0
633,e9cb16355c1f5d9b,True,1.0,1.0,0.8286367131319368,1.0,1.0,1.0,0.9285986304716403
634,14d171fcb9295596,True,1.0,1.0,1.0,1.0,1.0,1.0,1.0
635,9a357640ddd453d2,True,0.0,1.0,0.0,0.0,1.0,1.0,0.0
636,1693d395bec753ae,True,1.0,1.0,1.0,1.0,1.0,1.0,1.0
637,ba8e8393326d5652,True,1.0,1.0,0.9267493127809993,1.0,1.0,1.0,0.9694788803254163
638,64a417561b53530f,True,1.0,1.0,1.0,1.0,1.0,1.0,1.0
639,9a4575e2dfd75ffb,True,1.0,1.0,0.8901164791094008,1.0,1.0,1.0,0.954215199628917
640,5b4f392698d35a5f,True,1.0,1.0,0.6511098296194351,1.0,1.0,1.0,0.8546290956747646
641,f49e8b1837cd5b23,True,1.0,1.0,0.7551940944477138,1.0,1.0,1.0,0.8979975393532141
642,f587b097f5f65db6,True,1.0,1.0,1.0,1.0,1.0,1.0,1.0
643,6326d00e52115da4,True,1.0,1.0,1.0,1.0,1.0,1.0,1.0
644,3d8f52b9bae25a90,True,1.0,1.0,0.607843463848294,1.0,1.0,1.0,0.8366014432701224
645,c23c39c3fedd5bfa,True,1.0,1.0,0.9216996129829174,1.0,1.0,1.0,0.9673748387428822
646,660e14c77a1c550b,True,1.0,1.0,0.6562357201302194,1.0,1.0,1.0,0.8567648833875913
647,4fbdc88ce3f75540,True,1.0,1.0,0.8920955557855015,1.0,1.0,1.0,0.9550398149106257
648,866fab78f1da518b,True,1.0,1.0,1.0,1.0,1.0,1.0,1.0
649,6894aab92b0058dd,True,1.0,1.0,1.0,1.0,1.0,1.0,1.0
650,a0f499d0aab45bab,True,1.0,1.0,1.0,1.0,1.0,1.0,1.0
651,7d1fdeb7e341522d,True,1.0,1.0,1.0,1.0,1.0,1.0,1.0
652,2ad9640eb724590d,True,1.0,1.0,0.7633416798841686,1.0,1.0,1.0,0.9013923666184036
653,9fc5098e21355c6e,True,1.0,1.0,0.8587675841682443,1.0,1.0,1.0,0.9411531600701019
654,551afc276a1a5ab3,True,1.0,1.0,0.7463002319606111,1.0,1.0,1.0,0.8942917633169213
655,9e04987475e85dd5,True,1.0,1.0,0.8114815455731402,1.0,1.0,1.0,0.9214506439888085
656,103c3ee1db23521d,True,1.0,1.0,0.8600226110277842,1.0,1.0,1.0,0.9416760879282434
657,8b0d50e645eb5ac7,True,1.0,1.0,0.9646498133812318,1.0,1.0,1.0,0.9852707555755132
658,92d21bb7692b5664,True,1.0,1.0,0.9453981926491181,1.0,1.0,1.0,0.9772492469371326
659,21146ac996365854,True,1.0,1.0,0.8051175366428797,1.0,1.0,1.0,0.9187989736011999
660,a7705685069f5979,True,1.0,1.0,0.9344951771071963,1.0,1.0,1.0,0.972706323794665
661,674e6f0f529a51f7,True,1.0,1.0,0.6515610585999312,1.0,1.0,1.0,0.8548171077499713
662,9d74f6f9b0a25c90,True,1.0,1.0,1.0,0.0,1.0,1.0,0.5833333333333334
663,632a1b53a6875b22,True,1.0,1.0,0.8239938327081037,1.0,1.0,1.0,0.9266640969617098
664,8c8694effde754e6,True,1.0,1.0,0.7392751963665365,1.0,1.0,1.0,0.8913646651527235
665,f34d9948bdc257ab,True,1.0,1.0,1.0,1.0,1.0,1.0,1.0
666,01e3dbb4fbcd5781,True,1.0,1.0,1.0,1.0,1.0,1.0,1.0
667,78a50eb4d40e5ffa,True,1.0,1.0,0.5997892111832273,1.0,1.0,1.0,0.833245504659678
668,071d69045acb5971,True,1.0,1.0,0.8885927650032077,1.0,1.0,1.0,0.9535803187513365
669,8c7e28b482935cd8,True,1.0,1.0,1.0,1.0,1.0,1.0,1.0
670,030c27139f7d57a4,True,1.0,1.0,0.678507797046914,1.0,1.0,1.0,0.8660449154362141
671,a9152eadc70058ba,True,1.0,1.0,1.0,1.0,1.0,1.0,1.0
672,47e96fba9c115fe7,True,1.0,1.0,1.0,1.0,1.0,1.0,1.0
673,86cb3350b50b570b,True,1.0,1.0,0.7186989611188817,1.0,1.0,1.0,0.8827912337995341
674,465d879f0b205c8f,True,1.0,1.0,1.0,1.0,1.0,1.0,1.0
675,5c934edce20758e5,True,1.0,1.0,0.7180612610521713,1.0,1.0,1.0,0.8825255254384047
676,74d0c56b12f25f92,True,1.0,1.0,0.8516017695073598,1.0,1.0,1.0,0.9381674039614
677,46a9bf6f100c5e0a,True,1.0,1.0,0.8539294981142813,1.0,1.0,1.0,0.9391372908809505
678,d1408323ef2357be,True,1.0,1.0,0.8368549717920224,1.0,1.0,1.0,0.9320229049133427
679,ce3a4f649e23590d,True,1.0,1.0,0.8747352612319921,1.0,1.0,1.0,0.9478063588466634
680,245bcbae35595474,True,1.0,1.0,1.0,1.0,1.0,1.0,1.0
681,0bc64fd1b3ff5d1a,True,1.0,1.0,1.0,1.0,1.0,1.0,1.0
682,e26de26a56dd5d21,True,1.0,1.0,0.7981606795159172,1.0,1.0,1.0,0.9159002831316322
683,701eca801b6f5ba9,True,1.0,1.0,1.0,1.0,1.0,1.0,1.0
684,9313777d021e5255,True,1.0,1.0,1.0,1.0,1.0,1.0,1.0
685,3e634fa2ea715bb1,True,1.0,1.0,1.0,1.0,1.0,1.0,1.0
686,85b2b3fc929a5800,True,1.0,0.0,0.0,1.0,1.0,1.0,0.0
687,b022550645ac5dbf,True,1.0,1.0,0.774223316920927,1.0,1.0,0.5,0.9059263820503863
688,5ad705654fd3547d,True,1.0,1.0,0.8097499439091882,1.0,1.0,1.0,0.9207291432954952
689,f980b34746d45868,True,1.0,1.0,1.0,1.0,1.0,1.0,1.0
690,2f482e2df2565b82,True,1.0,1.0,0.8621366088125596,1.0,1.0,1.0,0.9425569203385665
691,a589b9ccbe3e5d1c,True,1.0,1.0,0.629481691743297,1.0,1.0,1.0,0.8456173715597072
692,7b263d7980f55503,True,1.0,1.0,0.9770199014247963,1.0,1.0,1.0,0.9904249589269986
693,bf4c97f6024b5029,True,1.0,1.0,0.9446229674691625,1.0,1.0,1.0,0.9769262364454844
694,8cbe3bf8cf9c5718,True,1.0,1.0,0.8892474041745695,1.0,1.0,1.0,0.9538530850727373
695,45e6bebee4305fb6,True,1.0,1.0,0.6809997107751076,1.0,1.0,1.0,0.8670832128229615
696,39f91a002193578a,True,1.0,1.0,1.0,1.0,1.0,1.0,1.0
697,3baa70a146f055d2,True,1.0,1.0,0.8538955396240839,1.0,1.0,1.0,0.9391231415100348
698,87a7a9f8aa325467,True,1.0,1.0,1.0,1.0,1.0,1.0,1.0
699,ca62812a55ce5f0b,True,1.0,1.0,0.8032209643393545,1.0,1.0,1.0,0.9180087351413976
700,81e5ddc060675e0b,True,1.0,1.0,1.0,1.0,1.0,1.0,1.0
701,69d75ac905035187,True,1.0,1.0,0.8252548954351174,1.0,1.0,1.0,0.9271895397646324
702,7edc6539f71a5a79,True,1.0,1.0,0.9354431112732613,1.0,1.0,1.0,0.9731012963638589
703,36e3e0f9a589578d,True,1.0,1.0,0.5861673383918353,1.0,1.0,1.0,0.8275697243299313
704,d3719519c1f95276,True,1.0,1.0,0.8361102881125596,1.0,1.0,1.0,0.9317126200468998
705,221199c4bcef5e62,True,1.0,1.0,1.0,1.0,1.0,1.0,1.0
706,f9ed38d9ddfa531e,True,1.0,0.0,0.0,1.0,1.0,1.0,0.0
707,d4f5976a6d615330,True,1.0,1.0,1.0,1.0,1.0,1.0,1.0
708,88862af321ce5c8f,True,1.0,1.0,1.0,1.0,1.0,1.0,1.0
709,bf1064685f045d97,True,1.0,1.0,0.790284627555295,1.0,1.0,1.0,0.9126185948147062
710,217307a367fd551a,True,1.0,1.0,0.757934100773337,1.0,1.0,1.0,0.8991392086555571
711,618902d469b5516e,True,1.0,1.0,0.8239992777251735,1.0,1.0,1.0,0.9266663657188223
712,8676d43a96795310,True,1.0,1.0,0.8727268569838604,1.0,1.0,1.0,0.9469695237432751
713,c9903c96ff4153fe,True,1.0,1.0,0.9158054768174905,1.0,1.0,1.0,0.9649189486739544
714,406564d5dc7358f6,True,1.0,1.0,1.0,1.0,1.0,1.0,1.0
715,7e7480ffa3aa55a4,True,1.0,1.0,0.860145476074161,1.0,1.0,1.0,0.9417272816975671
716,0ae7ba2fd0f95d17,True,1.0,1.0,0.8106629889012393,1.0,1.0,1.0,0.9211095787088497
717,00a757f8d4e45f8c,True,1.0,1.0,0.946497097598894,1.0,1.0,1.0,0.9777071239995392
718,e54d6de2e70157b0,True,1.0,1.0,1.0,1.0,1.0,1.0,1.0
719,ec60244b07ad5466,True,1.0,1.0,1.0,1.0,1.0,1.0,1.0
720,0855e09733fe5445,True,1.0,0.0,0.0,1.0,1.0,1.0,0.0
721,569f53e485335820,True,1.0,1.0,0.8361624046855062,1.0,1.0,1.0,0.9317343352856277
722,a08bb182c3d558da,True,1.0,1.0,0.6103102220006794,1.0,1.0,1.0,0.8376292591669497
723,4ed6b1b83e0c5bbe,True,1.0,1.0,0.5873196835668589,1.0,1.0,1.0,0.828049868152858
724,747f309bac56509f,True,1.0,1.0,0.9121801587133721,1.0,1.0,1.0,0.963408399463905
725,a48870c447ef5fe5,True,1.0,1.0,0.7646946961051351,1.0,1.0,1.0,0.9019561233771395
726,a763369e30305f95,True,1.0,1.0,0.7462209672311465,1.0,1.0,1.0,0.8942587363463111
727,f6b9867069845fd2,True,1.0,1.0,0.5305731413326913,1.0,1.0,1.0,0.8044054755552881
728,d91f0c28683e52da,True,1.0,1.0,1.0,1.0,1.0,1.0,1.0
729,9a1d23e8ed1b5837,True,1.0,1.0,1.0,0.0,1.0,1.0,0.5833333333333334
730,ee95e29e1aec53e1,True,1.0,1.0,0.8754989312030013,1.0,1.0,1.0,0.9481245546679172
731,d2937fdb8d605a73,True,1.0,1.0,0.792926017813533,0.0,1.0,1.0,0.4970525074223054
732,1981a85eb4ba5001,True,1.0,1.0,1.0,0.0,1.0,1.0,0.5833333333333334
733,fa3c2377e39c52e3,True,1.0,1.0,0.9391097632036235,1.0,1.0,1.0,0.9746290680015098
734,f01212b1c5b25520,True,1.0,1.0,0.9231028981448208,1.0,1.0,1.0,0.9679595408936753
735,55eed45c895852b9,True,1.0,1.0,1.0,1.0,1.0,1.0,1.0
736,fb5265ab37085422,True,1.0,1.0,0.9762304153045308,1.0,1.0,1.0,0.9900960063768878
737,862e27b57f9d50ac,True,1.0,1.0,0.9035897171695477,1.0,1.0,1.0,0.9598290488206449
738,4755336a0e225d97,True,1.0,1.0,1.0,1.0,1.0,1.0,1.0
739,28123c233d33567e,True,1.0,1.0,0.8848722260570111,1.0,1.0,1.0,0.9520300941904214
740,b3b8544db9025d6a,True,1.0,1.0,1.0,1.0,1.0,1.0,1.0
741,26710ebfab6d528c,True,1.0,1.0,1.0,1.0,1.0,0.5,1.0
742,1a707ed0d7ba541d,True,1.0,1.0,0.9202074822595977,1.0,1.0,1.0,0.9667531176081656
743,8e274784672a514b,True,1.0,1.0,1.0,1.0,1.0,1.0,1.0
744,dad96574decb5a68,True,1.0,1.0,0.5013191233479116,1.0,1.0,1.0,0.7922163013949631
745,b4899f9464d058f2,True,1.0,1.0,0.7768758157893694,1.0,1.0,1.0,0.9070315899122372
746,fc39a399fd24554b,True,1.0,1.0,1.0,1.0,1.0,1.0,1.0
747,f57f56e799be599f,True,1.0,1.0,0.6944542868731708,1.0,1.0,1.0,0.8726892861971546
748,35b84fa433f0583f,True,1.0,1.0,0.5957594338729829,1.0,1.0,1.0,0.8315664307804096
749,7766bcc52078528c,True,1.0,1.0,1.0,1.0,1.0,1.0,1.0
750,3befac537db85c6c,True,1.0,1.0,1.0,1.0,1.0,1.0,1.0
751,79e011726ebe5aa0,True,1.0,1.0,1.0,1.0,1.0,1.0,1.0
752,df2ff4c2c9785df6,True,1.0,1.0,0.8223438723032481,1.0,1.0,1.0,0.9259766134596866
753,1108eba0b4415340,True,1.0,1.0,0.8334784791371286,1.0,1.0,1.0,0.9306160329738035
754,8fc41f783d475448,True,1.0,1.0,1.0,1.0,1.0,1.0,1.0
755,345fc96fdf4c572b,True,1.0,1.0,0.8781655736132902,1.0,1.0,1.0,0.9492356556722042
756,6347553d03555ffa,True,1.0,1.0,1.0,1.0,1.0,1.0,1.0
757,42b065f7e76d50ed,True,1.0,1.0,1.0,1.0,1.0,1.0,1.0
758,018ba0bc5f145074,True,1.0,1.0,0.7798663856943471,1.0,1.0,1.0,0.9082776607059779
759,247ae110b0c454cb,True,1.0,1.0,1.0,1.0,1.0,1.0,1.0
760,feff00cef4985d6b,True,1.0,1.0,0.8815340049952636,1.0,1.0,1.0,0.9506391687480265
761,806b0f2b2ade5454,True,1.0,1.0,1.0,1.0,1.0,1.0,1.0
762,e69f96075afb5d86,True,1.0,1.0,0.9246048065833664,1.0,1.0,1.0,0.9685853360764026
763,c4fbbd685a1953c5,True,1.0,1.0,0.7312368391943489,1.0,1.0,1.0,0.888015349664312
764,3ffbf8596e7655ec,True,1.0,1.0,1.0,1.0,1.0,1.0,1.0
765,6b5a3fa1663e5a8d,True,1.0,1.0,0.6924175024686084,1.0,1.0,1.0,0.8718406260285869
766,65caa24efb4556af,True,1.0,1.0,0.9261911583082479,1.0,1.0,1.0,0.96924631596177
767,16ac515a3ba45d76,True,1.0,1.0,0.6999360594814431,1.0,1.0,1.0,0.874973358117268
768,76a0c83f0b6453a0,True,0.0,1.0,0.0,0.0,1.0,1.0,0.0
769,d3322747793a5dda,True,1.0,1.0,1.0,1.0,1.0,1.0,1.0
770,0cbeffce57295a2b,True,1.0,1.0,1.0,1.0,1.0,1.0,1.0
771,184ad79fb6555bf0,True,1.0,1.0,0.8641622715902259,1.0,1.0,1.0,0.9434009464959274
772,43ce8a5ddf8f5541,True,1.0,1.0,1.0,1.0,1.0,1.0,1.0
773,f8f1d3aa1a30553d,True,1.0,1.0,0.7412197144177322,1.0,1.0,1.0,0.8921748810073883
774,6d3bb2ecca3e54b4,True,1.0,1.0,1.0,1.0,1.0,1.0,1.0
775,2ee0fbae6edc5e0d,True,1.0,1.0,1.0,1.0,1.0,1.0,1.0
776,e9a26f1753a85a88,True,1.0,1.0,1.0,1.0,1.0,1.0,1.0
777,7900996a42f35f67,True,1.0,1.0,1.0,1.0,1.0,1.0,1.0
778,d21b22d6c0405ad7,True,1.0,1.0,0.7688280422499143,1.0,1.0,1.0,0.9036783509374643
779,263367576c285a2a,True,1.0,1.0,1.0,1.0,1.0,1.0,1.0
780,b5e7acb62778580b,True,1.0,1.0,0.9708771308920208,1.0,1.0,1.0,0.9878654712050086
781,eb5ef679c80959fe,True,1.0,1.0,1.0,1.0,1.0,1.0,1.0
782,2bc2525a4ee95ef4,True,1.0,1.0,1.0,1.0,1.0,1.0,1.0
783,6c321000d6c0527a,True,1.0,1.0,1.0,1.0,1.0,1.0,1.0
784,faa12c2adc7c521f,True,1.0,1.0,0.8729715963621629,1.0,1.0,1.0,0.9470714984842346
785,fe0a33d7599a59b3,True,1.0,1.0,1.0,1.0,1.0,1.0,1.0
786,6f07313e88ab56fd,True,1.0,1.0,0.86709445453603,1.0,1.0,1.0,0.9446226893900125
787,2d7bc87644e85744,True,1.0,0.0,0.0,1.0,1.0,1.0,0.0
788,98c7a48dd75052ab,True,1.0,1.0,0.9277799418037703,1.0,1.0,1.0,0.9699083090849042
789,0f78ffea52a85031,True,1.0,1.0,1.0,1.0,1.0,1.0,1.0
790,0cdeb48fac9d5292,True,1.0,1.0,0.7750845089507841,1.0,1.0,1.0,0.9062852120628268
791,608913faecb959b4,True,1.0,1.0,0.8894973918736775,1.0,1.0,1.0,0.9539572466140323
792,ac7167da1d1a5342,True,1.0,1.0,1.0,1.0,1.0,1.0,1.0
793,9104884bcb915c08,True,1.0,1.0,0.9093893668511007,1.0,1.0,1.0,0.962245569521292
794,d0dcc4b5cf6a53ab,True,1.0,1.0,1.0,1.0,1.0,1.0,1.0
795,113d448b6ea8555c,True,1.0,1.0,1.0,1.0,1.0,1.0,1.0
796,7bcc91de36385afe,True,1.0,1.0,0.8026242740555196,1.0,1.0,0.5,0.9177601141897999
797,9170b75b8a3f527f,True,1.0,1.0,0.8130162053886697,1.0,1.0,1.0,0.9220900855786124
798,702320a088cf5d53,True,1.0,1.0,0.75409636322091,1.0,1.0,1.0,0.8975401513420458
799,62e8d8891ff45c7b,True,1.0,1.0,0.7058383444301426,1.0,1.0,1.0,0.8774326435125595
800,68d4846662cd53c3,True,1.0,1.0,0.7678065451804327,1.0,1.0,1.0,0.9032527271585136
801,a4ba9521736a59f9,True,1.0,1.0,0.9342493115409242,1.0,1.0,1.0,0.9726038798087183
802,919fcdbcf46f58d1,True,1.0,1.0,0.9771751965952737,1.0,1.0,1.0,0.9904896652480307
803,7eb19d771c975618,True,1.0,1.0,0.5935449890292013,1.0,1.0,1.0,0.8306437454288339
804,dd9b1479609c5c59,True,1.0,0.0,0.0,1.0,1.0,1.0,0.0
805,09a81436114951ab,True,1.0,1.0,0.8666023254569385,1.0,1.0,1.0,0.9444176356070577
806,741d60ca8b7b5cb4,True,1.0,1.0,0.762610594793534,1.0,1.0,1.0,0.9010877478306392
807,3346340e1c275766,True,1.0,1.0,1.0,1.0,1.0,1.0,1.0
808,92106b8512315c03,True,1.0,1.0,1.0,1.0,1.0,1.0,1.0
809,cbe2fffee4105dbf,True,1.0,1.0,0.7803883242640842,1.0,1.0,1.0,0.9084951351100351
810,2f1f5a4351e15458,True,1.0,1.0,0.8707545627517523,1.0,1.0,1.0,0.9461477344798969
811,ad3d0b30c78355d4,True,1.0,1.0,0.8891415744052928,1.0,1.0,1.0,0.9538089893355387
812,13b9787d163b5072,True,1.0,1.0,0.5005479975931404,1.0,1.0,1.0,0.7918949989971419
813,69f27d25f8a45de1,True,1.0,1.0,1.0,1.0,1.0,1.0,1.0
814,ef0b044d86855ffe,True,1.0,1.0,1.0,1.0,1.0,1.0,1.0
815,c056dcf1096258a4,True,1.0,1.0,1.0,1.0,1.0,1.0,1.0
816,9b0b6d3472465b35,True,1.0,1.0,1.0,1.0,1.0,1.0,1.0
817,406f8b299de35ce2,True,1.0,1.0,0.651939497304238,1.0,1.0,1.0,0.8549747905434325
818,2cbf505c735c5c34,True,1.0,1.0,0.838548154433684,1.0,1.0,1.0,0.9327283976807017
819,1d3a143cf41f5d16,True,1.0,1.0,0.6312721207518646,1.0,1.0,1.0,0.8463633836466102
820,e2c14ab1fbe350b1,True,1.0,1.0,0.6527786941828991,1.0,1.0,0.5,0.8553244559095413
821,2e2cc58c9aa450e7,True,1.0,1.0,0.7237324171474129,1.0,1.0,1.0,0.8848885071447553
822,51e74fb3d9945768,True,1.0,1.0,0.7977712041630931,1.0,1.0,1.0,0.915738001734622
823,93c82496dc8e59c5,True,1.0,1.0,1.0,1.0,1.0,1.0,1.0
824,70b8c89829d05f30,True,1.0,1.0,0.8804017025886602,1.0,1.0,1.0,0.9501673760786084
825,e90b4ad6e7905adf,True,1.0,1.0,0.7834406675653961,1.0,1.0,1.0,0.909766944818915
826,bbd85b27fa465894,True,1.0,1.0,1.0,1.0,0.0,1.0,0.8333333333333334
827,bd70654aee0f54a6,True,1.0,1.0,1.0,1.0,1.0,1.0,1.0
828,15a50c88ab0255ca,True,1.0,1.0,1.0,1.0,1.0,1.0,1.0
829,324b5f24fb0c5f3f,True,1.0,1.0,0.6805518738662873,1.0,1.0,1.0,0.866896614110953
830,8de5173c05ee56f5,True,1.0,1.0,0.9005137175914869,1.0,1.0,1.0,0.9585473823297862
831,e4f34d35c8fd5fd2,True,1.0,1.0,1.0,1.0,1.0,1.0,1.0
832,385b1aa4b84c56bf,True,1.0,1.0,0.9240079517830757,1.0,1.0,1.0,0.9683366465762816
833,b9ddc4b10ef751a5,True,0.0,1.0,0.0,0.0,1.0,1.0,0.0
834,d46f1077421c5c75,True,1.0,1.0,0.9701715407954099,1.0,1.0,1.0,0.9875714753314208
835,38f4eed7d2cb5cc0,True,1.0,1.0,1.0,1.0,1.0,1.0,1.0
836,cd67b6a868ed5745,True,1.0,1.0,1.0,1.0,1.0,1.0,1.0
837,e0522da7328d5c9e,True,1.0,1.0,0.8375958863944084,1.0,1.0,1.0,0.9323316193310035
838,40ce7057faae541e,True,1.0,1.0,0.8096325621154007,1.0,1.0,1.0,0.9206802342147503
839,4acd373578e357d1,True,1.0,1.0,0.6465714169111467,1.0,1.0,1.0,0.8527380903796445
840,6c76134176255a21,True,1.0,1.0,0.8198355872401255,1.0,1.0,1.0,0.9249314946833856
841,e009079e2dc25bbf,True,1.0,1.0,0.9141678234666268,1.0,1.0,1.0,0.9642365931110946
842,29c5b3febc2f5704,True,1.0,1.0,0.8359596275719446,1.0,1.0,1.0,0.9316498448216436
843,97fcdcd35af7563b,True,1.0,1.0,1.0,1.0,1.0,1.0,1.0
844,5a454b4d1c535366,True,1.0,1.0,0.859635278176336,1.0,1.0,1.0,0.9415146992401399
845,aa58dfcb46765181,True,1.0,1.0,1.0,1.0,1.0,1.0,1.0
846,e92c94f8bdcc54c6,True,1.0,1.0,0.8490165308923848,1.0,1.0,1.0,0.9370902212051604
847,7328fe7f857051ea,True,1.0,1.0,1.0,1.0,1.0,1.0,1.0
848,4c3547b853675e66,True,1.0,0.0,0.0,1.0,1.0,1.0,0.0
849,c9a74fd5fd9e57c8,True,1.0,1.0,0.7389190599303435,1.0,1.0,1.0,0.8912162749709763
850,f3f0ebe8d9185b69,True,1.0,1.0,0.8055301065417123,1.0,1.0,1.0,0.9189708777257134
851,d1abb12015175373,True,1.0,1.0,1.0,1.0,1.0,1.0,1.0
852,5517642e588e59d0,True,1.0,1.0,0.622448772850845,1.0,1.0,1.0,0.8426869886878521
853,69ddc43178e9572a,True,1.0,1.0,1.0,1.0,1.0,1.0,1.0
854,b04064e074f55bb0,True,1.0,1.0,0.6815069401919518,1.0,1.0,1.0,0.8672945584133132
855,a3f82403e6945aa7,True,1.0,1.0,0.9634321675384625,1.0,1.0,0.5,0.9847634031410261
856,7d40448fd04e5e28,True,1.0,1.0,1.0,1.0,1.0,1.0,1.0
857,c72c3c003bc95aab,True,1.0,0.0,0.0,1.0,1.0,1.0,0.0
858,fd7c51a15e5b54a6,True,1.0,1.0,0.7319917049485907,1.0,1.0,1.0,0.8883298770619129
859,c2072dd6a3f85da0,True,1.0,1.0,0.5562498590270784,1.0,1.0,1.0,0.8151041079279494
860,bf478a1422445c12,True,1.0,1.0,0.7923638558767527,1.0,1.0,1.0,0.913484939948647
861,54c208abe15c56e5,True,1.0,1.0,1.0,1.0,1.0,1.0,1.0
862,581a74871330567f,True,1.0,1.0,1.0,1.0,1.0,1.0,1.0
863,449baff4aece5ab3,True,1.0,1.0,0.9489120073931567,1.0,1.0,1.0,0.9787133364138153
864,3b3f3faf6778593f,True,1.0,1.0,1.0,1.0,1.0,1.0,1.0
865,95612e81595b568f,True,1.0,1.0,0.9426925421080411,1.0,1.0,1.0,0.9761218925450171
866,49d00c5507175e01,True,1.0,1.0,0.818156396967603,1.0,1.0,1.0,0.9242318320698346
867,70b9e5ded0b057d7,True,1.0,1.0,0.6519084087840298,1.0,1.0,1.0,0.8549618369933457
868,e024bd23594b5a13,True,1.0,1.0,1.0,1.0,1.0,1.0,1.0
869,557690c1c31357b1,True,1.0,1.0,0.9433212099463624,1.0,1.0,1.0,0.976383837477651
870,3067f3d3d5a75989,True,1.0,1.0,0.9296673568327998,1.0,1.0,1.0,0.9706947320136665
871,6884907db45c5cad,True,1.0,1.0,1.0,1.0,1.0,1.0,1.0
872,0eb6987fdc9b5213,True,1.0,1.0,1.0,0.0,1.0,1.0,0.5833333333333334
873,b2f320b5d94753f9,True,1.0,1.0,0.6986955388268813,1.0,1.0,1.0,0.8744564745112005
874,2c1f43c6b93c5952,True,1.0,1.0,0.8070659594291174,1.0,1.0,1.0,0.9196108164287988
875,f727c5fa1e735d2d,True,1.0,1.0,0.9840517353053386,1.0,1.0,1.0,0.9933548897105577
876,0372bb63e704555a,True,1.0,1.0,0.8918799184997391,1.0,1.0,1.0,0.9549499660415579
877,b657fb1afb7c54f3,True,1.0,1.0,0.860779942271158,1.0,1.0,1.0,0.9419916426129825
878,5328fe5eba6e5d30,True,1.0,1.0,1.0,1.0,1.0,1.0,1.0
879,bf1370df23cf5118,True,1.0,1.0,0.8139529933645488,1.0,1.0,1.0,0.9224804139018953
880,d987180f18155985,True,1.0,1.0,1.0,1.0,1.0,1.0,1.0
881,2376e90f1bf85c50,True,1.0,1.0,0.7554331872290756,1.0,1.0,1.0,0.8980971613454481
882,b7e7604c72e051da,True,1.0,1.0,1.0,1.0,1.0,1.0,1.0
883,16a2c04634ab5112,True,1.0,1.0,1.0,1.0,1.0,1.0,1.0
884,8d83f07bed9d5f6a,True,1.0,1.0,1.0,1.0,1.0,1.0,1.0
885,7dd9388d605c50a1,True,1.0,1.0,0.9114990931569085,1.0,1.0,1.0,0.9631246221487119
886,6e821a856fe45177,True,1.0,1.0,1.0,1.0,1.0,1.0,1.0
887,b98d8c3330625df2,True,1.0,1.0,0.9666500059490228,1.0,1.0,1.0,0.9861041691454262
888,c1c3bb73344c593a,True,1.0,1.0,0.7929332385525175,1.0,1.0,1.0,0.9137221827302157
889,f93bfd9479fd52ee,True,1.0,1.0,0.8147317420095832,1.0,1.0,1.0,0.922804892503993
890,c02bb4d7993e5bbb,True,1.0,1.0,0.9010887626325693,1.0,1.0,1.0,0.9587869844302372
891,896f25f6f25e52e0,True,1.0,1.0,0.9591774738668896,1.0,1.0,1.0,0.982990614111204
892,b1520b6af9705191,True,1.0,1.0,1.0,1.0,1.0,1.0,1.0
893,e7b5da2135fc5303,True,1.0,1.0,1.0,1.0,1.0,1.0,1.0
894,e6025eb182885adb,True,1.0,1.0,0.8235080986367181,1.0,1.0,1.0,0.9264617077652991
895,f638ae3f35d25d55,True,1.0,1.0,0.6893412712209782,1.0,1.0,1.0,0.8705588630087409
896,23d0ae8aedf8537b,True,1.0,1.0,0.9695426610164415,1.0,1.0,1.0,0.9873094420901839
897,a5d3eca1660f5855,True,1.0,1.0,0.892158855152783,1.0,1.0,1.0,0.9550661896469929
898,9016f4b84afb5913,True,1.0,1.0,1.0,1.0,1.0,1.0,1.0
899,a3c4e4bf10d65ddb,True,1.0,1.0,0.8698418658456285,1.0,1.0,1.0,0.9457674441023451
900,7b13f467f23c5a2b,True,1.0,1.0,0.9310471897690006,1.0,1.0,1.0,0.9712696624037503
901,e3aa32e033635c8d,True,1.0,1.0,0.6061044165971626,1.0,1.0,1.0,0.8358768402488178
902,1537a74401845849,True,1.0,1.0,0.652796377716323,1.0,1.0,1.0,0.8553318240484679
903,b4eb56fcd01857bb,True,1.0,1.0,0.7393124312404591,1.0,1.0,1.0,0.8913801796835247
904,3fa9c77540225eae,True,1.0,1.0,1.0,1.0,1.0,1.0,1.0
905,c239a3efe5df5739,True,1.0,1.0,0.9085072848092959,1.0,1.0,1.0,0.9618780353372066
906,3d400bec249a5f88,True,1.0,1.0,0.8021649921372103,1.0,1.0,1.0,0.9175687467238376
907,808e5edcddce51c3,True,1.0,1.0,0.9020861662668241,1.0,1.0,1.0,0.9592025692778434
908,9d72593884a757a3,True,1.0,1.0,1.0,1.0,1.0,1.0,1.0
909,ad0701a39edd5c5a,True,1.0,1.0,0.8647047247103671,1.0,1.0,1.0,0.9436269686293196
910,b841de24ffcb5c87,True,1.0,1.0,0.8624038300845863,1.0,1.0,1.0,0.9426682625352442
911,df284ad97ad55a31,True,1.0,1.0,0.8066219763278013,1.0,1.0,1.0,0.9194258234699172
912,21f55c28bb945892,True,1.0,1.0,0.6610120081865941,1.0,1.0,1.0,0.8587550034110808
913,50613cf56a8d5a38,True,1.0,1.0,0.9274065994025543,1.0,1.0,1.0,0.9697527497510642
914,2e586c7da7c55eb3,True,1.0,1.0,1.0,1.0,1.0,1.0,1.0
915,f42bdbb0a30c5854,True,1.0,1.0,1.0,1.0,1.0,1.0,1.0
916,5396af8f09455852,True,1.0,1.0,0.6011303670120071,1.0,1.0,1.0,0.8338043195883363
917,f3f9f7a6f8f15f49,True,1.0,1.0,1.0,1.0,1.0,1.0,1.0
918,e68ddf5be41355dc,True,1.0,1.0,0.8591240869536078,1.0,1.0,1.0,0.9413017028973366
919,6da3bcc544be52d3,True,1.0,1.0,0.6232815994124616,1.0,1.0,1.0,0.8430339997551922
920,9d7030a6966b54cd,True,1.0,1.0,1.0,1.0,1.0,1.0,1.0
921,d25b6512a43f5e54,True,1.0,1.0,0.7553439688622133,1.0,1.0,1.0,0.8980599870259223
922,2de3f6af0a69509d,True,1.0,1.0,0.7983719971988672,1.0,1.0,1.0,0.9159883321661946
923,488822d6447b5b58,True,1.0,1.0,0.560139186136226,1.0,1.0,1.0,0.8167246608900941
924,f879fd3edf21506a,True,1.0,1.0,0.8499060049132624,1.0,1.0,1.0,0.9374608353805259
925,c9f0c60627ba5237,True,1.0,1.0,1.0,1.0,1.0,1.0,1.0
926,1f381d3a242b54f0,True,1.0,1.0,0.7722068125720297,1.0,1.0,1.0,0.9050861719050124
927,269e03fbbb4c5856,True,1.0,1.0,1.0,1.0,1.0,1.0,1.0
928,2b65a8a29c455d00,True,1.0,1.0,0.8058887283293306,1.0,1.0,1.0,0.9191203034705544
929,1de80c2e4aca5f33,True,1.0,1.0,0.7427258494134105,1.0,1.0,1.0,0.8928024372555877
930,3dfa374651035868,True,1.0,1.0,1.0,1.0,1.0,1.0,1.0
931,77f9c895af8b59f3,True,1.0,1.0,1.0,1.0,1.0,1.0,1.0
932,74707039ce5550d1,True,1.0,1.0,0.7770122914019173,1.0,1.0,1.0,0.9070884547507988
933,0e198cad33c65494,True,1.0,1.0,0.7615515376314119,1.0,1.0,1.0,0.9006464740130884
934,1e6597b57a335949,True,1.0,1.0,1.0,1.0,1.0,1.0,1.0
935,f6855b72b0aa57e2,True,1.0,1.0,0.8938501650534654,1.0,1.0,1.0,0.9557709021056106
936,f7d2b771e8425c20,True,1.0,1.0,0.6776934043651127,1.0,1.0,1.0,0.8657055851521304
937,4e27d27410c85f81,True,1.0,1.0,0.7692393907764941,1.0,1.0,1.0,0.9038497461568725
938,d81c4398a40b52b9,True,1.0,1.0,0.7957549342656657,1.0,1.0,1.0,0.9148978892773606
939,1862fb50f5b0518a,True,1.0,1.0,0.9469081201418494,1.0,1.0,1.0,0.9778783833924373
940,223cdeaddc525446,True,1.0,1.0,1.0,1.0,1.0,1.0,1.0
941,943c308c85d25ee5,True,1.0,1.0,0.7655426119327291,1.0,1.0,1.0,0.9023094216386371
942,bed7a2c445315bb7,True,1.0,1.0,0.7164230389466356,1.0,1.0,1.0,0.8818429328944314
943,77f0818999145e8f,True,1.0,0.0,0.0,0.0,1.0,1.0,0.0
944,86e394f2cb345082,True,1.0,1.0,1.0,1.0,1.0,1.0,1.0
945,427ee2e0d1c05699,True,0.0,1.0,0.0,0.0,1.0,0.5,0.0
946,0c5365f52bac5785,True,1.0,1.0,1.0,1.0,1.0,1.0,1.0
947,ac55c7f072c6528d,True,1.0,1.0,0.8551973575206365,1.0,1.0,1.0,0.9396655656335985
948,88152114a47d5175,True,1.0,1.0,1.0,1.0,1.0,1.0,1.0
949,4d9c7a900c6c5081,True,1.0,1.0,0.7588527546505369,1.0,1.0,1.0,0.8995219811043903
950,9248ce20618c5513,True,1.0,1.0,0.837258646960293,1.0,1.0,1.0,0.9321911029001221
951,e6c8f0c4aaea52d7,True,1.0,1.0,1.0,1.0,1.0,1.0,1.0
952,354ac12e8832565a,True,1.0,1.0,1.0,1.0,1.0,1.0,1.0
953,006e2728d7115fa7,True,1.0,1.0,0.5497929106280607,1.0,1.0,1.0,0.812413712761692
954,4750f239602d5627,True,1.0,1.0,0.8047436505155,1.0,1.0,1.0,0.9186431877147916
955,695d7450eb3958c1,True,1.0,1.0,0.8348543847521597,1.0,1.0,1.0,0.9311893269800665
956,55bd10ac74585a12,True,1.0,1.0,1.0,0.0,1.0,1.0,0.5833333333333334
957,435eadb0f1fe5b49,True,1.0,1.0,0.8574370688093087,1.0,1.0,1.0,0.9405987786705453
958,f1ceb70bd72a5048,True,1.0,1.0,0.5603413208122245,1.0,1.0,1.0,0.8168088836717602
959,76375396b08e5143,True,1.0,1.0,0.777312295555453,1.0,1.0,1.0,0.9072134564814388
960,2be2e48e80985bee,True,1.0,1.0,1.0,1.0,1.0,1.0,1.0
961,db1f0ea31f525bdb,True,1.0,1.0,0.9778320086507828,1.0,1.0,1.0,0.990763336937826
962,85a89a122095548d,True,1.0,1.0,0.8196638082177459,1.0,1.0,1.0,0.9248599200907274
963,61d7fbf592275c75,True,1.0,1.0,0.7022269630330904,1.0,1.0,1.0,0.8759279012637876
964,2313aa310e16503d,True,1.0,1.0,1.0,1.0,1.0,1.0,1.0
965,e77360b1bf605f87,True,1.0,1.0,1.0,1.0,1.0,1.0,1.0
966,993d17cce2685b9a,True,1.0,1.0,0.7690085201865123,1.0,1.0,1.0,0.9037535500777135
967,f07e680e53135311,True,1.0,1.0,1.0,1.0,1.0,1.0,1.0
968,396a8c19c4ac58f3,True,1.0,1.0,1.0,1.0,1.0,1.0,1.0
969,2e508e23f47d5f96,True,1.0,1.0,0.6955826369715714,1.0,1.0,1.0,0.8731594320714882
970,2908ea54e9955267,True,1.0,1.0,0.7417592406413313,1.0,1.0,1.0,0.8923996836005547
971,7ceb065003f25449,True,1.0,1.0,1.0,1.0,1.0,1.0,1.0
972,de64687e89f25285,True,1.0,0.0,0.0,1.0,1.0,1.0,0.0
973,ecc5d9051f445174,True,1.0,1.0,1.0,1.0,1.0,1.0,1.0
974,87100d8379c158cc,True,1.0,1.0,1.0,1.0,1.0,1.0,1.0
975,4334739a7f4e554e,True,1.0,1.0,1.0,1.0,1.0,1.0,1.0
976,a27fe5d9685c5795,True,1.0,1.0,0.7947015819178724,1.0,1.0,1.0,0.9144589924657801
977,443b9c514efc5829,True,1.0,1.0,0.9755054552384687,1.0,1.0,1.0,0.9897939396826952
978,9666a4125db25507,True,1.0,1.0,0.7915511705181294,1.0,1.0,1.0,0.9131463210492207
979,fc1b6762387f5209,True,1.0,1.0,0.8996347318493281,1.0,1.0,1.0,0.9581811382705534
980,71ae69a9499e559c,True,1.0,1.0,0.7175915571650031,1.0,1.0,1.0,0.8823298154854179
981,892f8a0d37dd5af3,True,1.0,1.0,0.9303581317064374,1.0,1.0,1.0,0.9709825548776823
982,77072386dfbb5af8,True,1.0,1.0,0.8540733975226332,0.0,1.0,0.0,0.5225305823010972
983,5b3db54a43ca52ed,True,1.0,1.0,1.0,1.0,1.0,1.0,1.0
984,19488eb3301f5d26,True,1.0,1.0,0.8016271811162887,1.0,1.0,1.0,0.9173446587984536
985,cd828def214c571e,True,1.0,1.0,0.8832744241464804,1.0,1.0,1.0,0.9513643433943667
986,baf1301534ea54d6,True,1.0,1.0,0.9406611826517298,1.0,1.0,1.0,0.9752754927715541
987,b664ff6d2c185e31,True,1.0,1.0,1.0,1.0,1.0,1.0,1.0
988,73e3a1a2ed275417,True,1.0,1.0,0.6191333008601418,1.0,1.0,1.0,0.8413055420250591
989,25a3a5bc491d521b,True,1.0,1.0,0.7656086465458826,1.0,1.0,1.0,0.9023369360607845
990,e8850900bade58f6,True,1.0,1.0,1.0,1.0,1.0,1.0,1.0
991,77e9812a54d05caf,True,1.0,1.0,1.0,1.0,1.0,0.0,1.0
992,91fc00df56ae5aca,True,1.0,1.0,0.7358765674275359,1.0,1.0,1.0,0.8899485697614734
993,39fde97003dd540e,True,1.0,1.0,0.6594066694080304,1.0,1.0,1.0,0.858086112253346
994,d978a6878e7b5e8b,True,1.0,1.0,1.0,1.0,1.0,1.0,1.0
995,844760894a04505a,True,1.0,1.0,1.0,1.0,1.0,1.0,1.0
996,bc949c2045ca5537,True,1.0,1.0,0.77865227945146,1.0,1.0,1.0,0.907771783104775
997,f1002f2d240c514e,True,1.0,1.0,0.7324882000823396,1.0,1.0,1.0,0.8885367500343082
998,ca4f746c0a4f5396,True,1.0,1.0,0.7098949494136695,1.0,1.0,1.0,0.879122895589029
999,66e559e29cca52e0,True,1.0,1.0,1.0,1.0,1.0,1.0,1.0
1000,eec0bc4e1b185d67,True,1.0,1.0,0.960329872655662,1.0,1.0,1.0,0.9834707802731925
1001,79bba6381fb85a36,True,1.0,1.0,0.9261355041354957,1.0,1.0,1.0,0.9692231267231232
1002,61e3a4acbdf55ffe,True,1.0,1.0,0.6452524917952124,1.0,1.0,1.0,0.8521885382480052
1003,078bc1027dde5d1a,True,1.0,1.0,0.800734509536083,1.0,1.0,1.0,0.9169727123067014
1004,cda41068b4b65ae0,True,1.0,1.0,0.7967065220735053,1.0,1.0,1.0,0.9152943841972938
1005,e16f6f634adf50d3,True,1.0,1.0,1.0,1.0,1.0,1.0,1.0
1006,ddf3383ec8965d9b,True,1.0,1.0,0.806439739042648,1.0,1.0,1.0,0.9193498912677699
1007,075cf94c3db15021,True,1.0,1.0,1.0,1.0,1.0,1.0,1.0
1008,4fbe9cf1d64d58ef,True,1.0,1.0,1.0,1.0,1.0,1.0,1.0
1009,24e06c38547d5976,False,,,,,,,
1010,c09d506d3891507c,True,1.0,1.0,0.921730136404672,1.0,1.0,1.0,0.96738755683528
1011,f874757c4b46591b,True,1.0,1.0,0.9303785976755798,1.0,1.0,1.0,0.9709910823648249
1012,ee86c71bc0765fd0,True,1.0,1.0,1.0,0.0,1.0,1.0,0.5833333333333334
1013,69742b86e6b25ecc,True,1.0,1.0,0.621912305719117,1.0,1.0,1.0,0.8424634607162987
1014,3b3e36e9d816563c,True,1.0,1.0,1.0,1.0,1.0,1.0,1.0
1015,63d80f7499fc5784,True,1.0,1.0,0.9299303147311684,1.0,1.0,1.0,0.9708042978046535
1016,f34af4dbbbd35a23,True,1.0,1.0,0.9723026286200562,1.0,1.0,1.0,0.9884594285916902
1017,51c2558524435a31,True,1.0,1.0,0.8900085744864128,1.0,1.0,1.0,0.9541702393693386
1018,1d4b518f1b175184,True,1.0,1.0,1.0,1.0,1.0,1.0,1.0
1019,6e49f2f1c4e456f1,True,1.0,1.0,0.6421097206918833,1.0,1.0,1.0,0.8508790502882847
1020,96a252e16d1553e1,True,1.0,1.0,0.9691433938623977,1.0,1.0,1.0,0.987143080775999
1021,089e8e85fb9b5f6c,True,1.0,1.0,0.6713411300309292,1.0,1.0,1.0,0.8630588041795538
1022,9483bda6b31259bd,True,1.0,1.0,0.7885564542939716,1.0,1.0,0.5,0.9118985226224882
1023,e511376fdf3250e5,True,1.0,1.0,0.8744513948562571,1.0,1.0,1.0,0.9476880811901071
1024,66dd7339f01b58c2,True,1.0,1.0,0.7699879810644666,1.0,1.0,1.0,0.9041616587768612
1025,540ec2943ea050c9,True,1.0,1.0,1.0,1.0,1.0,1.0,1.0
1026,b30e51044c885122,True,1.0,1.0,1.0,1.0,1.0,1.0,1.0
1027,6c8a49ddb7435fbf,True,0.0,1.0,0.0,0.0,1.0,0.0,0.0
1028,f2dd261c41755967,True,1.0,1.0,0.7965444242946059,1.0,1.0,1.0,0.9152268434560858
1029,043839beb58a5dad,True,1.0,1.0,0.8599790000389069,1.0,1.0,1.0,0.9416579166828779
1030,f05325ffb9425a4b,True,1.0,1.0,1.0,1.0,1.0,1.0,1.0
1031,03aa8a0576a25b63,True,1.0,0.0,0.0,1.0,1.0,1.0,0.0
1032,070b688b49225760,True,1.0,1.0,1.0,1.0,1.0,1.0,1.0
1033,99ebd32df2f453f8,True,1.0,1.0,1.0,1.0,1.0,1.0,1.0
1034,24429c08a8375061,True,1.0,1.0,0.8323414047659308,1.0,1.0,1.0,0.9301422519858044
1035,963324efc6715315,True,1.0,1.0,1.0,1.0,1.0,1.0,1.0
1036,789af91cd1755b7e,True,1.0,1.0,0.9018070555394577,1.0,1.0,1.0,0.9590862731414407
1037,5e80270349cb530c,True,1.0,1.0,0.9214341781403892,1.0,1.0,1.0,0.9672642408918288
1038,0ba54149d1575f95,True,1.0,1.0,1.0,1.0,1.0,1.0,1.0
1039,65107c981e1c568c,True,1.0,1.0,1.0,1.0,1.0,1.0,1.0
1040,e952dd35343958d8,True,1.0,1.0,0.7029420172825601,1.0,1.0,1.0,0.8762258405344001
1041,fd3606c29f3f57fb,True,1.0,1.0,0.8533532163250125,1.0,1.0,1.0,0.9388971734687552
1042,de4facce62b05f57,True,1.0,1.0,0.894652533661938,1.0,1.0,1.0,0.9561052223591409
1043,1d037ee2ffda5d69,True,1.0,1.0,1.0,1.0,1.0,1.0,1.0
1044,565e485cbedb506f,True,1.0,1.0,0.8808696166835155,1.0,1.0,1.0,0.9503623402847982
1045,bd4dac2ccde55c08,True,1.0,1.0,0.7969501400608869,1.0,1.0,1.0,0.9153958916920363
1046,4e12d62c42575ac3,True,1.0,1.0,1.0,1.0,1.0,1.0,1.0
1047,abd6e8c330ea5694,True,1.0,1.0,0.8110204769140534,1.0,1.0,1.0,0.9212585320475223
1048,93d5e0dd29bc5e7c,True,1.0,1.0,1.0,1.0,1.0,1.0,1.0
1049,66908680155c550a,True,1.0,1.0,0.8964320318659014,1.0,1.0,1.0,0.9568466799441255
1050,74c77891a7d45a15,True,1.0,1.0,0.8668634617973098,1.0,1.0,1.0,0.9445264424155457
1051,676880c7e31252c0,True,1.0,1.0,0.6115439754030666,1.0,1.0,1.0,0.8381433230846111
1052,f71f0d4ca6db5d40,True,1.0,1.0,0.7375611568269325,1.0,1.0,1.0,0.8906504820112219
1053,8df6c22946e5526d,True,1.0,1.0,1.0,1.0,1.0,1.0,1.0
1054,2ee44628526e524c,True,1.0,1.0,0.7797606587213383,1.0,1.0,1.0,0.9082336078005576
1055,6e0a467af0205f04,True,1.0,1.0,0.7876353763707079,1.0,1.0,1.0,0.9115147401544617
1056,95ba88fe9c385123,True,1.0,1.0,1.0,1.0,1.0,1.0,1.0
1057,65f236a74a3d53a4,True,1.0,1.0,0.8998489440537183,1.0,1.0,1.0,0.9582703933557161
1058,ea85208e83eb57b6,True,1.0,1.0,1.0,1.0,1.0,1.0,1.0
1059,df2ed02abeba57fe,True,1.0,1.0,0.9922806682052537,1.0,1.0,1.0,0.9967836117521891
1060,a4f950bf8f9b590b,True,1.0,1.0,0.9347325302796221,1.0,1.0,1.0,0.9728052209498426
1061,a6c24c9ca7335016,True,1.0,1.0,1.0,1.0,1.0,1.0,1.0
1062,53ab46d6ca9d5b68,True,1.0,1.0,1.0,1.0,1.0,1.0,1.0
1063,5d7eedc503ef575c,True,1.0,1.0,1.0,1.0,1.0,1.0,1.0
1064,3257b4f1ac7e5b62,True,1.0,1.0,0.7975886164117851,1.0,1.0,1.0,0.9156619235049105
1065,0748764d9de454ea,True,1.0,1.0,0.6164399971967445,1.0,1.0,1.0,0.8401833321653102
1066,a96abad3a09753c5,True,1.0,1.0,0.5802274279873142,1.0,1.0,1.0,0.825094761661381
1067,5975a1af11e25fe4,True,1.0,1.0,1.0,1.0,1.0,1.0,1.0
1068,6fa01275a4525b26,True,1.0,1.0,0.9206484352451674,1.0,1.0,1.0,0.9669368480188197
1069,8b7d99b5ae2a5219,True,1.0,1.0,1.0,1.0,1.0,1.0,1.0
1070,9ce9ec5a49b1568d,True,1.0,1.0,0.8161066558398491,1.0,1.0,1.0,0.9233777732666039
1071,2ba3f7adca335912,True,1.0,1.0,0.9283074687984059,1.0,1.0,0.5,0.9701281119993358
1072,a9c27d1fdee5599e,True,1.0,1.0,1.0,1.0,1.0,1.0,1.0
1073,32e38b7677e15f69,True,1.0,1.0,0.9098015812147925,1.0,1.0,1.0,0.9624173255061635
1074,ba62104a517e5a9b,True,1.0,1.0,0.9345972506846797,1.0,1.0,1.0,0.9727488544519499
1075,5403d4e6179a5354,True,1.0,1.0,0.7279067412865409,1.0,1.0,1.0,0.8866278088693921
1076,1e01550fc9d656d8,True,1.0,1.0,0.7692705205928103,1.0,1.0,1.0,0.9038627169136709
1077,70a70a9054d75d9f,True,1.0,1.0,1.0,1.0,1.0,1.0,1.0
1078,b15572e37ce95d98,True,1.0,1.0,1.0,1.0,1.0,1.0,1.0
1079,e85416da86d4567f,True,1.0,1.0,0.75046466905748,1.0,1.0,1.0,0.8960269454406168
1080,40c083a3c4ff5b45,True,1.0,0.0,0.0,0.0,1.0,1.0,0.0
1081,3f19f97d980754f7,True,1.0,1.0,0.8584993091590439,1.0,1.0,1.0,0.9410413788162684
1082,196cb93444b35dd7,True,1.0,1.0,0.6545353574163979,1.0,1.0,1.0,0.8560563989234992
1083,4543b41a1fec5a97,True,1.0,1.0,0.9156633988733027,1.0,1.0,1.0,0.9648597495305428
1084,e97ba617b7c059a7,True,1.0,1.0,1.0,1.0,1.0,0.0,1.0
1085,c29fb70bf1d056ca,True,1.0,1.0,1.0,1.0,1.0,1.0,1.0
1086,95005e9d60b05d1d,True,1.0,1.0,0.8399784909558269,1.0,1.0,1.0,0.9333243712315946
1087,dc05b41a768b5015,True,1.0,0.0,0.0,1.0,1.0,1.0,0.0
1088,cdfc50d75d0c56df,True,1.0,1.0,1.0,1.0,1.0,1.0,1.0
1089,b4d8ee8da1c153f9,True,1.0,1.0,1.0,1.0,1.0,1.0,1.0
1090,fda70850d06c51a1,True,1.0,1.0,1.0,1.0,1.0,1.0,1.0
1091,26c48df074d151c6,True,1.0,1.0,0.6926126245037927,1.0,1.0,1.0,0.8719219268765803
1092,fa545b09688957b8,True,1.0,1.0,0.9935165728445919,1.0,1.0,1.0,0.99729857201858
1093,515fefed28a65a88,True,1.0,1.0,0.7840925292639073,1.0,1.0,1.0,0.9100385538599612
1094,1a1aa689c53951ba,True,1.0,1.0,1.0,0.0,1.0,1.0,0.5833333333333334
1095,0451b850addd591c,True,1.0,1.0,0.7283665524203651,1.0,1.0,1.0,0.8868193968418187
1096,f1992f61c13e5998,True,1.0,1.0,0.9557956132154034,1.0,1.0,1.0,0.981581505506418
1097,62108a4000e85dae,True,1.0,1.0,1.0,1.0,1.0,1.0,1.0
1098,0d50bb8976e45ea7,True,1.0,1.0,1.0,1.0,1.0,1.0,1.0
1099,b7e61e7b15265bb9,True,1.0,1.0,1.0,1.0,1.0,1.0,1.0
1100,9d69a0f2f73f5035,True,1.0,1.0,0.9646252558821641,1.0,1.0,1.0,0.985260523284235
1101,8d7c5f26b9775cce,True,1.0,1.0,0.8112584202267995,1.0,1.0,1.0,0.9213576750944998
1102,39bbb12794ca56a3,True,1.0,1.0,0.6513307339261638,1.0,1.0,1.0,0.8547211391359015
1103,b26b54b014205d5c,True,1.0,1.0,0.8034719071106325,1.0,1.0,1.0,0.9181132946294301
1104,53414ba6577d5923,True,1.0,1.0,0.7136745737595722,1.0,1.0,1.0,0.8806977390664885
1105,3ce814811e5252dc,True,1.0,1.0,0.9639714616745187,1.0,1.0,1.0,0.9849881090310495
1106,11182f26946650bd,True,1.0,1.0,0.5459551061572536,1.0,1.0,1.0,0.8108146275655224
1107,215c38293c335e25,True,1.0,1.0,0.9134113012715338,1.0,1.0,1.0,0.9639213755298058
1108,4f5e535c78385629,True,1.0,1.0,1.0,1.0,1.0,1.0,1.0
1109,9a5799ace9455841,True,1.0,1.0,1.0,0.0,1.0,1.0,0.5833333333333334
1110,480325e1f5085385,True,1.0,1.0,1.0,1.0,1.0,1.0,1.0
1111,283f39e817575b93,True,1.0,1.0,0.7581402798377451,1.0,1.0,1.0,0.8992251165990605
1112,9bfa838de21f5d25,True,1.0,1.0,0.7876637991044974,1.0,1.0,1.0,0.9115265829602072
1113,feb7748995f55bdd,True,1.0,1.0,1.0,1.0,1.0,1.0,1.0
1114,748779bcdb5b5a49,True,1.0,1.0,0.9702492408966596,1.0,1.0,1.0,0.9876038503736083
1115,e26d616b5c4b5642,True,1.0,1.0,1.0,1.0,1.0,1.0,1.0
1116,8ec53979117552c7,True,1.0,1.0,0.7268615277873796,1.0,1.0,1.0,0.8861923032447415
1117,e62e904da0695956,True,1.0,1.0,0.8876894168441384,1.0,1.0,1.0,0.9532039236850576
1118,02e3e6d3ecfc5240,True,1.0,1.0,0.6557880085174309,1.0,1.0,1.0,0.8565783368822629
1119,ac73220f793d522e,True,1.0,1.0,0.8489014439751146,1.0,1.0,1.0,0.9370422683229643
1120,8ff8246f69f75f6a,True,1.0,1.0,0.8307720835537106,1.0,1.0,1.0,0.9294883681473793
1121,8683f3b4797f56e0,True,1.0,1.0,0.7258130942012214,1.0,1.0,1.0,0.8857554559171756
1122,d12fdbd7f3265051,True,1.0,1.0,0.8570318360152984,1.0,1.0,1.0,0.940429931673041
1123,77f45b5536f854bf,True,1.0,1.0,1.0,1.0,1.0,1.0,1.0
1124,2aa414aa9a9057fb,True,1.0,1.0,0.703016879047594,1.0,1.0,1.0,0.8762570329364975
1125,96cb1a2412095a90,True,1.0,1.0,0.9920364817146191,1.0,1.0,1.0,0.9966818673810914
1126,8f5cefce0c0259d9,True,1.0,1.0,0.8094318565317754,1.0,1.0,1.0,0.9205966068882399
1127,2b5dabfa534156c0,True,1.0,1.0,0.8558075151259236,1.0,1.0,1.0,0.9399197979691348
1128,975e6554112f5a46,True,1.0,1.0,1.0,1.0,0.0,1.0,0.8333333333333334
1129,81a473b817565cb9,True,1.0,1.0,0.7218762276366784,1.0,1.0,1.0,0.884115094848616
1130,b81c602d68a25e90,True,1.0,1.0,0.9052318594406997,1.0,1.0,1.0,0.9605132747669582
1131,34ed4880444350af,True,1.0,1.0,0.9852061838679327,1.0,1.0,1.0,0.993835909944972
1132,d4f972826d645ca8,True,1.0,1.0,0.7979954715514174,1.0,1.0,1.0,0.9158314464797573
1133,b1e1c1a12339588a,True,1.0,1.0,1.0,1.0,1.0,1.0,1.0
1134,c8aeadf284a05f44,True,1.0,1.0,0.7035235439793603,1.0,1.0,1.0,0.8764681433247334
1135,d44d886053b15b23,True,1.0,1.0,0.873915882027848,1.0,1.0,1.0,0.9474649508449366
1136,39b5d00781925b16,True,1.0,1.0,0.9972969163217485,1.0,1.0,1.0,0.9988737151340619
1137,4b6430ca30c45a3c,True,1.0,1.0,0.6896247617691661,1.0,1.0,1.0,0.8706769840704859
1138,a15ed2f3e39c5c0d,True,1.0,1.0,1.0,1.0,1.0,1.0,1.0
1139,5cdf559f99b859a4,True,1.0,1.0,1.0,1.0,1.0,1.0,1.0
1140,19f3e77fcd3353c5,True,1.0,1.0,1.0,1.0,1.0,1.0,1.0
1141,6f0e15842e1b5924,True,1.0,1.0,0.7865786644621419,1.0,1.0,1.0,0.9110744435258925
1142,bf72d4d6b25f5b27,True,1.0,1.0,0.9755910971527373,1.0,1.0,1.0,0.9898296238136405
1143,3e8b81f8eb205311,True,1.0,1.0,0.7885625980125721,1.0,1.0,1.0,0.9119010825052384
1144,c404e4b4b7a455d3,True,1.0,1.0,1.0,1.0,1.0,1.0,1.0
1145,d45f18da371a5fe5,True,1.0,1.0,0.8773347969461505,1.0,1.0,1.0,0.9488894987275627
1146,e71bd2560b255f76,True,1.0,1.0,1.0,1.0,1.0,1.0,1.0
1147,2113dcf1e88b598e,True,1.0,1.0,1.0,1.0,1.0,1.0,1.0
1148,de354f243fa157ec,True,1.0,1.0,0.9204210736771213,1.0,1.0,1.0,0.9668421140321338
1149,ad517de61e355d8d,True,1.0,1.0,0.7266826692431966,1.0,1.0,1.0,0.8861177788513319
1150,782f0fff66145718,True,1.0,1.0,0.9827933912839573,1.0,1.0,1.0,0.9928305797016489
1151,45845be1b56d59c7,True,1.0,1.0,1.0,1.0,1.0,1.0,1.0
1152,bdb0947d0c835022,True,1.0,1.0,1.0,1.0,1.0,1.0,1.0
1153,8ac66bedd6d057d2,True,1.0,1.0,0.5752188217584246,1.0,1.0,1.0,0.8230078423993437
1154,54e57dfcbf295398,True,1.0,1.0,0.8674571844004529,1.0,1.0,1.0,0.9447738268335221
1155,fbe0e54ef79254bb,True,1.0,1.0,0.7314574378414906,1.0,1.0,1.0,0.8881072657672878
1156,5dbf07df40a55d2e,True,1.0,1.0,0.7202316671809532,1.0,1.0,1.0,0.8834298613253972
1157,2ff39958d9f35279,True,1.0,1.0,0.7115666790616489,1.0,1.0,1.0,0.8798194496090205
1158,6d7ca07eac51558e,True,1.0,1.0,1.0,1.0,1.0,1.0,1.0
1159,fa919203c245502d,True,1.0,1.0,0.8126926117195195,1.0,1.0,1.0,0.9219552548831332
1160,5bb6cc197a7455e4,True,1.0,1.0,1.0,1.0,1.0,1.0,1.0
1161,f5f55c1132d75fa7,True,1.0,1.0,1.0,1.0,1.0,1.0,1.0
1162,50d6986491d3510a,True,1.0,1.0,0.6988391597217839,0.0,1.0,1.0,0.45784964988407656
1163,a27875deccc151e0,True,1.0,1.0,0.7750062718857313,1.0,1.0,1.0,0.9062526132857215
1164,6021973f81a75e0b,True,1.0,1.0,0.72022128891736,1.0,1.0,1.0,0.8834255370489
1165,090d6a17e77d59b5,True,1.0,1.0,0.9662049046115384,1.0,1.0,1.0,0.9859187102548077
1166,312c0f2f981d51c3,True,1.0,1.0,0.7825447359172286,1.0,1.0,1.0,0.9093936399655119
1167,9af711dfa6eb5952,True,1.0,1.0,1.0,1.0,1.0,1.0,1.0
1168,a77872c55f1b52a1,True,1.0,1.0,0.8037813576395026,1.0,1.0,1.0,0.9182422323497926
1169,fb4ac387cd285171,True,1.0,1.0,0.9627420530359172,1.0,1.0,1.0,0.9844758554316323
1170,6578cf959d7f52a7,True,1.0,1.0,0.5359388685292652,1.0,1.0,1.0,0.8066411952205271
1171,fc4bdb76d30553b0,True,1.0,1.0,0.8774950843777968,1.0,1.0,1.0,0.9489562851574153
1172,e8e01645fcde5b8e,True,1.0,1.0,0.9233267020311857,1.0,1.0,1.0,0.968052792512994
1173,4dd817ed8b515ab1,True,1.0,1.0,0.9645938730571277,1.0,1.0,1.0,0.9852474471071365
1174,8611c130815150a7,True,1.0,1.0,1.0,1.0,1.0,1.0,1.0
1175,40c06c252a275c50,True,1.0,1.0,0.6912837480004256,1.0,1.0,1.0,0.8713682283335107
1176,5992423b009757f2,True,1.0,1.0,0.7701491806093085,1.0,1.0,1.0,0.9042288252538785
1177,d55aac327e4451ba,True,1.0,1.0,0.7856577960523116,1.0,1.0,1.0,0.9106907483551298
1178,6062e3ace278511a,True,1.0,1.0,0.7735277635294574,1.0,1.0,1.0,0.9056365681372739
1179,cd78333fa2c45328,True,1.0,1.0,0.9853161318584458,1.0,1.0,1.0,0.9938817216076857
1180,e05b464c21d0597d,True,1.0,1.0,1.0,1.0,1.0,1.0,1.0
1181,21d4990a6b4f597a,True,1.0,1.0,0.7629612183861906,1.0,1.0,1.0,0.9012338409942461
1182,abdc7a57df4a56cd,True,1.0,1.0,1.0,1.0,1.0,1.0,1.0
1183,18d63cca5ad554d2,True,1.0,1.0,0.875012797950528,1.0,1.0,1.0,0.9479219991460534
1184,69bcdc8c577252f4,True,1.0,1.0,1.0,1.0,1.0,1.0,1.0
1185,6e49c17c51db5a5c,True,1.0,1.0,0.596088067337239,1.0,1.0,1.0,0.8317033613905163
1186,ed1a1174e6aa5270,True,1.0,1.0,1.0,1.0,1.0,1.0,1.0
1187,a1325310017c5057,True,1.0,1.0,1.0,0.0,1.0,1.0,0.5833333333333334
1188,155c42ad43525252,True,1.0,1.0,0.7608106704705284,1.0,1.0,1.0,0.9003377793627202
1189,89e02236312d5038,True,1.0,1.0,1.0,1.0,1.0,1.0,1.0
1190,5955c4ef15c75350,True,1.0,1.0,1.0,1.0,1.0,1.0,1.0
1191,3bb3a8f506bf5980,True,1.0,1.0,1.0,1.0,1.0,0.0,1.0
1192,39147f08f4645365,True,1.0,1.0,0.9404500618771952,1.0,1.0,1.0,0.9751875257821646
1193,f7e52770089e5230,True,1.0,1.0,0.7279388058175753,1.0,1.0,1.0,0.8866411690906565
1194,97b1ea53fad65625,True,1.0,1.0,0.9796005412103694,1.0,1.0,1.0,0.9915002255043207
1195,ba69be06341d5b2b,True,1.0,1.0,0.9692416033140209,1.0,1.0,1.0,0.9871840013808421
1196,3d6703caa0c951a8,True,1.0,1.0,0.904893512046355,1.0,1.0,1.0,0.9603722966859812
1197,71f883f1ec8f5e37,True,1.0,1.0,1.0,1.0,1.0,1.0,1.0
1198,536e9526257a57f2,True,1.0,0.0,0.0,1.0,1.0,1.0,0.0
1199,1a8da8e47d235dbe,True,1.0,1.0,0.9357648167499232,1.0,1.0,1.0,0.973235340312468
1200,01e6276eff385ea8,True,1.0,1.0,0.65611749511141,1.0,1.0,1.0,0.8567156229630876
1201,d10c269610375646,True,1.0,1.0,1.0,1.0,1.0,1.0,1.0
1202,8e9c1bb8232c5a14,True,1.0,0.0,0.0,1.0,1.0,1.0,0.0
1203,b96ea08d168f5a3d,True,1.0,1.0,0.8047808423365903,1.0,1.0,1.0,0.9186586843069127
1204,54718dd05cad553a,True,1.0,1.0,0.7705236884782768,1.0,1.0,1.0,0.9043848701992819
1205,cd72b9f6b03f5f41,True,1.0,1.0,0.8973106564628683,1.0,1.0,1.0,0.9572127735261952
1206,94c3ef5a3168570a,True,1.0,1.0,1.0,1.0,1.0,1.0,1.0
1207,97628f2e9ee55826,True,1.0,1.0,0.7948506012957411,1.0,1.0,1.0,0.9145210838732254
1208,e6a94b91b19f5315,True,1.0,1.0,1.0,1.0,1.0,1.0,1.0
1209,ad5284a6be715f10,True,1.0,1.0,0.7887410472927141,1.0,1.0,0.5,0.9119754363719642
1210,0695553567185c3c,True,1.0,1.0,1.0,1.0,1.0,1.0,1.0
1211,d57dda19866556c3,True,1.0,1.0,0.8214874936813038,1.0,1.0,1.0,0.9256197890338766
1212,a2978bba82bd5751,True,1.0,1.0,1.0,1.0,1.0,1.0,1.0
1213,c51ec68aa4fe5f05,True,1.0,1.0,1.0,1.0,1.0,1.0,1.0
1214,624b5f7f1f4a503e,True,1.0,1.0,0.6007071372087852,1.0,1.0,1.0,0.8336279738369937
1215,41f3712a30b956e6,True,1.0,1.0,0.8554688810900761,1.0,1.0,1.0,0.9397787004541983
1216,260f5d5245015db6,True,1.0,1.0,1.0,1.0,1.0,1.0,1.0
1217,7fb4ab2c7e8c527f,True,1.0,1.0,1.0,1.0,1.0,1.0,1.0
1218,6136d15f12905f36,True,1.0,1.0,1.0,1.0,1.0,1.0,1.0
1219,93b0ff5c4c5c507e,True,1.0,1.0,1.0,1.0,1.0,1.0,1.0
1220,c45fc2b353c655af,True,1.0,1.0,0.8944062382409071,1.0,1.0,1.0,0.9560025992670447
1221,dd23e66ff660575e,True,1.0,1.0,0.752147771987601,1.0,1.0,1.0,0.8967282383281671
1222,0e81b2ebbb30575e,True,1.0,1.0,0.6894506625732779,1.0,1.0,1.0,0.8706044427388658
1223,00eb3a4e0f8052e9,True,1.0,1.0,0.7948195639586664,1.0,1.0,1.0,0.9145081516494443
1224,d3484ba53e775a66,True,1.0,1.0,1.0,1.0,1.0,0.5,1.0
1225,44e882ff27ec5566,True,1.0,0.0,0.0,1.0,1.0,1.0,0.0
1226,d4d21ecb8e4058e8,True,1.0,1.0,0.6075866162864575,1.0,1.0,1.0,0.8364944234526906
1227,626b5dc253965ecb,True,1.0,1.0,0.9400912714327456,1.0,1.0,1.0,0.975038029763644
1228,ef7822ee7fa35042,True,1.0,1.0,0.8105404945207045,1.0,1.0,1.0,0.9210585393836269
1229,ce2f1ac423965b7a,True,1.0,1.0,1.0,1.0,1.0,1.0,1.0
1230,4175cdc49ec759f5,True,1.0,1.0,0.8867100580232203,1.0,1.0,1.0,0.9527958575096752
1231,69a4cff1f35655ff,True,1.0,1.0,0.44458745694803337,1.0,1.0,1.0,0.7685781070616806
1232,de16c26b38425a6b,True,1.0,1.0,1.0,1.0,1.0,1.0,1.0
1233,14b839d065b358d0,True,1.0,1.0,1.0,1.0,1.0,1.0,1.0
1234,b133316a0e795993,True,1.0,1.0,0.8339827329811321,1.0,1.0,1.0,0.9308261387421384
1235,03269d4ad9e45809,True,1.0,1.0,0.7517515201772538,1.0,1.0,1.0,0.8965631334071892
1236,905ab0794c235f69,True,1.0,1.0,0.8772806578105592,1.0,1.0,1.0,0.9488669407543996
1237,ba392de83daf5bf3,True,1.0,1.0,0.8999696606320512,1.0,1.0,1.0,0.9583206919300213
1238,c9395d7ca7f75410,True,1.0,1.0,1.0,1.0,1.0,1.0,1.0
1239,693ca321449e5a83,True,1.0,1.0,0.6978576135519243,1.0,1.0,1.0,0.8741073389799685
1240,6bd5888420e851a1,True,1.0,1.0,1.0,1.0,1.0,1.0,1.0
1241,9c63a8a78f3251d3,True,1.0,1.0,1.0,1.0,1.0,1.0,1.0
1242,f52211f2dec85537,True,1.0,1.0,0.8424088815821417,1.0,1.0,1.0,0.9343370339925591
1243,96f19d920d5558e9,True,1.0,1.0,0.9729599584480463,1.0,1.0,1.0,0.9887333160200192
1244,7fcc4151553a50e8,True,1.0,1.0,1.0,1.0,1.0,1.0,1.0
1245,e849e6a954285f60,True,1.0,1.0,0.8967310841475731,1.0,1.0,1.0,0.9569712850614888
1246,664106f910475a53,True,1.0,1.0,0.6103559084528837,1.0,1.0,1.0,0.8376482951887015
1247,de62001a07db556c,True,1.0,1.0,0.9220925201282135,1.0,1.0,1.0,0.9675385500534223
1248,ffd429cac51751d9,True,1.0,1.0,0.962809356362332,1.0,1.0,1.0,0.984503898484305
1249,b3899f957ebe5684,True,1.0,1.0,0.9572031217398284,1.0,1.0,1.0,0.9821679673915952
1250,d8952813d8de574d,True,1.0,1.0,0.9152886303108034,1.0,1.0,1.0,0.9647035959628347
1251,7ac633604a3c572d,True,1.0,1.0,1.0,1.0,1.0,1.0,1.0
1252,f77c053616475084,True,1.0,1.0,0.6484255774390227,1.0,1.0,1.0,0.8535106572662595
1253,1712f51cf5df564a,True,1.0,1.0,0.9441189399481116,1.0,1.0,1.0,0.97671622497838
1254,fcbe2ed045225b79,True,1.0,1.0,0.8868824943636088,1.0,1.0,0.0,0.952867705984837
1255,1c62222c7c0b522f,True,1.0,1.0,1.0,1.0,1.0,1.0,1.0
1256,fe4b2cf4e9ad5b37,True,1.0,1.0,0.9718092963540419,1.0,1.0,1.0,0.9882538734808509
1257,83be5aa78f7652de,True,1.0,1.0,1.0,1.0,1.0,1.0,1.0
1258,bb4ca2b147d35b62,True,1.0,0.0,0.0,1.0,1.0,1.0,0.0
1259,70e6f01ee485510a,True,1.0,1.0,0.799549337369852,1.0,1.0,1.0,0.9164788905707716
1260,2783db04f9b05383,True,1.0,1.0,0.9718535786412642,1.0,1.0,1.0,0.9882723244338601
1261,d83c3b7416f3577e,True,1.0,1.0,0.8639086243896682,1.0,1.0,1.0,0.9432952601623618
1262,ad7d51bd1b7055ca,True,1.0,1.0,0.7275168178979793,1.0,1.0,1.0,0.8864653407908247
1263,ec02f065af405039,True,1.0,1.0,0.9024466416173115,1.0,1.0,1.0,0.9593527673405463
1264,3e8c8729205850ab,True,1.0,1.0,0.8434595783195961,1.0,1.0,1.0,0.9347748242998316
1265,6ba5ed2f323f53e2,True,1.0,1.0,1.0,1.0,1.0,1.0,1.0
1266,deb8de65573253b7,True,1.0,1.0,1.0,1.0,1.0,1.0,1.0
1267,b94fd2088a4f5688,True,1.0,1.0,0.7862745370711698,1.0,1.0,1.0,0.9109477237796542
1268,ba7d6b30a3a15384,True,1.0,1.0,0.7987507244185463,1.0,1.0,1.0,0.9161461351743944
1269,210fa74895dc5f52,True,1.0,1.0,1.0,1.0,1.0,1.0,1.0
1270,44324a7aa04f5501,True,1.0,1.0,0.9295811133954365,1.0,1.0,1.0,0.9706587972480986
1271,2d4d48a048615f9a,True,1.0,1.0,1.0,1.0,1.0,1.0,1.0
1272,46ee8e2727455a9f,True,1.0,1.0,0.98103118571471,1.0,1.0,1.0,0.9920963273811291
1273,70ee383e3b335c16,True,1.0,1.0,0.6832895930521409,1.0,1.0,1.0,0.868037330438392
1274,8a540001f3f0514d,True,1.0,1.0,0.9428312991433138,1.0,1.0,1.0,0.9761797079763808
1275,6dfed7a32cf45d59,True,1.0,1.0,0.9439350513621253,1.0,1.0,1.0,0.9766396047342188
1276,b58a12e346235cd0,True,1.0,1.0,0.911482823982411,1.0,1.0,1.0,0.9631178433260046
1277,85ab290d4e535060,True,1.0,1.0,1.0,1.0,1.0,1.0,1.0
1278,43cfa12f279355aa,True,1.0,1.0,0.773113218952351,1.0,1.0,1.0,0.9054638412301462
1279,c3bb1d6556d95d40,True,1.0,1.0,0.9240513509971298,1.0,1.0,1.0,0.9683547295821374
1280,8651cc01649b5d5b,True,1.0,1.0,0.6606619060181459,1.0,1.0,1.0,0.8586091275075608
1281,33fcb42a03535525,True,1.0,1.0,0.7316018172899952,1.0,1.0,1.0,0.8881674238708314
1282,167d6bc7be735e55,True,1.0,1.0,0.997624643961328,1.0,1.0,1.0,0.9990102683172201
1283,c65a7b2b6f8c527e,True,1.0,1.0,0.9725087000905384,1.0,1.0,1.0,0.988545291704391
1284,1082d34008e05df4,True,1.0,1.0,1.0,1.0,1.0,1.0,1.0
1285,1b1a37c517e45fbd,True,1.0,1.0,1.0,1.0,1.0,1.0,1.0
1286,31ffaa640cf85134,True,1.0,1.0,1.0,1.0,1.0,1.0,1.0
1287,cd1234d5b4b2570d,True,1.0,1.0,0.6453054801971364,1.0,1.0,1.0,0.8522106167488067
1288,878665ca715b53d3,True,1.0,1.0,0.9558205055580447,1.0,1.0,1.0,0.9815918773158518
1289,cd9330daeec55224,True,1.0,1.0,0.5587702291188724,1.0,1.0,1.0,0.8161542621328635
1290,3b34e3fd5b9e5767,True,1.0,1.0,0.6390686201023988,1.0,1.0,1.0,0.8496119250426662
1291,30765e467f6c5947,True,1.0,1.0,0.9582300265287229,1.0,1.0,1.0,0.9825958443869679
1292,b7f1861bff9c514e,True,1.0,1.0,0.8428775322513595,1.0,1.0,1.0,0.9345323051047331
1293,dd2b5010e1d25d72,True,1.0,1.0,0.8732747618604753,1.0,1.0,1.0,0.9471978174418648
1294,8b1193abd0b75de0,True,1.0,1.0,0.9768334768666299,1.0,1.0,1.0,0.9903472820277625
1295,a04f86a92daf50ba,True,1.0,1.0,0.6145116524080326,1.0,1.0,1.0,0.8393798551700136
1296,8d06ea883e7853a9,True,1.0,1.0,0.7737517978472069,1.0,1.0,1.0,0.9057299157696695
1297,c093d999a01c5e92,True,1.0,1.0,0.8900040199454979,1.0,1.0,1.0,0.9541683416439574
1298,6a66294fe97f54db,True,1.0,1.0,0.8595096444035251,1.0,1.0,1.0,0.9414623518348021
1299,c887e4bc08f85aa5,True,1.0,1.0,1.0,1.0,1.0,1.0,1.0
1300,fe6db2d0c7025b8a,True,1.0,1.0,1.0,1.0,1.0,1.0,1.0
1301,291d82d04ec359e0,True,1.0,1.0,0.7499189015404895,1.0,1.0,1.0,0.8957995423085373
1302,11482ead31545f3a,True,1.0,1.0,1.0,1.0,1.0,1.0,1.0
1303,e045d3abc4e95f52,True,1.0,1.0,0.800529701673578,1.0,1.0,1.0,0.9168873756973243
1304,e375b42cd83a5bf3,True,1.0,1.0,1.0,1.0,1.0,1.0,1.0
1305,b3b8a7989ba5519f,True,1.0,1.0,1.0,1.0,1.0,1.0,1.0
1306,0c4f97d3255155e4,True,1.0,1.0,0.7437099822616198,1.0,1.0,1.0,0.8932124926090083
1307,a4ab5ff4ba7259f9,True,1.0,1.0,0.5688574929569876,1.0,1.0,1.0,0.8203572887320781
1308,1682c020a94054fa,True,1.0,1.0,0.8941814369700424,1.0,1.0,1.0,0.955908932070851
1309,6d2178f2992f5d22,True,1.0,1.0,0.6131149189761507,1.0,1.0,1.0,0.8387978829067295
1310,078f05d9e9c05230,True,1.0,1.0,0.8346942019820618,1.0,1.0,1.0,0.9311225841591924
1311,b22ea864484d514f,True,1.0,1.0,0.9653503123228988,1.0,1.0,1.0,0.9855626301345412
1312,01d3726e5bc2576b,True,1.0,1.0,1.0,1.0,1.0,1.0,1.0
1313,5f548f26b9a7572f,True,1.0,1.0,1.0,1.0,1.0,1.0,1.0
1314,824cd4fff1e25cb4,True,1.0,0.0,0.0,1.0,1.0,1.0,0.0
1315,639b55d4b2b65d0a,True,1.0,1.0,0.7798444276116431,1.0,1.0,1.0,0.9082685115048513
1316,2c337eb368fb54ca,True,1.0,0.0,0.0,1.0,1.0,0.5,0.0
1317,03d4ec82e7ac5804,True,1.0,1.0,0.8158327942709942,1.0,1.0,1.0,0.923263664279581
1318,fae990c38c515aa9,True,1.0,1.0,0.8680463661452072,1.0,1.0,1.0,0.9450193192271698
1319,9c62f0bf33fd542d,True,1.0,1.0,0.8683276299089611,1.0,1.0,1.0,0.9451365124620672
1320,ff4125f507e35f9b,True,1.0,0.0,0.0,1.0,1.0,1.0,0.0
1321,7f9c22da74d35642,True,1.0,1.0,0.87028540388066,1.0,1.0,1.0,0.9459522516169416
1322,502fadfdde3554b2,True,1.0,1.0,0.9291394543437104,1.0,1.0,1.0,0.9704747726432127
1323,bf4d95ea76b75de7,True,1.0,1.0,0.8527529098797911,1.0,1.0,1.0,0.9386470457832464
1324,52d6d6f0e4305a44,True,1.0,1.0,1.0,1.0,1.0,1.0,1.0
1325,e02f26d0eb0152e3,True,1.0,1.0,1.0,1.0,1.0,1.0,1.0
1326,e5e00457df055e1a,True,1.0,1.0,1.0,1.0,1.0,1.0,1.0
1327,30187e714d065b0b,True,1.0,1.0,0.8654094942919182,1.0,1.0,1.0,0.9439206226216325
1328,2f8dd3404f375ed8,True,1.0,1.0,0.8480993838282841,1.0,1.0,1.0,0.9367080765951185
1329,bd646d9caaef57d8,True,1.0,1.0,1.0,1.0,1.0,1.0,1.0
1330,d5fc95fa66025d7a,True,1.0,1.0,0.7247568625219734,1.0,1.0,1.0,0.8853153593841556
1331,ef7089ecfb0c5028,True,1.0,1.0,1.0,1.0,1.0,1.0,1.0
1332,5233faf7f9935f97,True,1.0,1.0,0.8128870970018548,1.0,1.0,1.0,0.9220362904174394
1333,c79b2a28285f5e11,True,1.0,1.0,0.8984948908049469,1.0,1.0,1.0,0.9577062045020611
1334,c388df5240dd5f6c,True,1.0,1.0,0.7704230951361829,1.0,1.0,1.0,0.9043429563067429
1335,bdb0f78978cd5307,True,1.0,1.0,0.8339789076922466,1.0,1.0,1.0,0.9308245448717694
1336,4f67484c73e2503a,True,1.0,1.0,0.8844233869758087,1.0,1.0,1.0,0.9518430779065868
1337,c772799eaf1f5ad1,True,1.0,1.0,0.7323793847187542,1.0,1.0,1.0,0.8884914102994809
1338,e76cb8b17f8f51f3,True,1.0,1.0,1.0,1.0,1.0,1.0,1.0
1339,5ae0b5e6a95f5335,True,1.0,1.0,1.0,1.0,1.0,1.0,1.0
1340,33e37f9d760a56b1,True,1.0,1.0,0.8122766033524038,1.0,1.0,1.0,0.9217819180635015
1341,9d32436291335261,True,1.0,1.0,1.0,1.0,1.0,1.0,1.0
1342,798f1981bb285b09,True,1.0,1.0,0.6120522054660636,1.0,1.0,1.0,0.8383550856108598
1343,812a8e70ad07507d,True,1.0,1.0,0.9634417689363232,1.0,1.0,1.0,0.984767403723468
1344,3c46be05cd7a5cdf,True,1.0,1.0,0.7110106485070321,1.0,1.0,1.0,0.8795877702112634
1345,a523d2a173855e96,True,1.0,1.0,1.0,1.0,1.0,1.0,1.0
1346,88904a762b5f5793,True,1.0,1.0,1.0,1.0,1.0,1.0,1.0
1347,70ce3fce14785ae5,True,1.0,1.0,1.0,1.0,1.0,1.0,1.0
1348,83212ddd15375812,True,1.0,1.0,1.0,1.0,1.0,1.0,1.0
1349,910ce583575e5f8d,True,1.0,1.0,0.6938709608237961,1.0,1.0,1.0,0.8724462336765817
1350,2a3ab48ae28f5e90,True,1.0,1.0,1.0,1.0,1.0,1.0,1.0
1351,4c24c3efe0e4519d,True,1.0,1.0,0.7933779286881477,1.0,1.0,1.0,0.9139074702867283
1352,50fef67a5a9a5a4b,True,1.0,0.0,0.0,1.0,1.0,1.0,0.0
1353,47e0ff3bc36a5f69,True,1.0,1.0,0.48518874123795075,1.0,1.0,1.0,0.7854953088491462
1354,4efe0ad78b655ecd,True,1.0,0.0,0.0,1.0,1.0,1.0,0.0
1355,13848a5be84f5a4a,True,1.0,1.0,0.8435193061207442,1.0,1.0,1.0,0.9347997108836434
1356,6ac603d43fbb57ef,True,1.0,1.0,0.9458195576382946,1.0,1.0,1.0,0.9774248156826228
1357,0eb28cf3dad95c46,True,1.0,1.0,1.0,1.0,1.0,1.0,1.0
1358,8777c80c80ad53e8,True,1.0,1.0,1.0,1.0,1.0,1.0,1.0
1359,5099c20d468f5cf4,True,1.0,1.0,0.8641336782718931,1.0,1.0,1.0,0.9433890326132888
1360,9334f5a33c07587a,True,1.0,1.0,0.7404298944251038,1.0,1.0,1.0,0.8918457893437933
1361,b02be1e28abb59f1,True,1.0,1.0,0.6851433265897245,1.0,1.0,1.0,0.8688097194123853
1362,ae7fdaafe2c250e6,True,1.0,1.0,1.0,1.0,1.0,1.0,1.0
1363,31811172f43c5188,True,1.0,1.0,1.0,1.0,1.0,1.0,1.0
1364,883bb02a4f7c5f0a,True,1.0,1.0,1.0,1.0,1.0,1.0,1.0
1365,79a151c333745253,True,1.0,1.0,0.8616700112346584,1.0,1.0,1.0,0.9423625046811077
1366,1eff566e627f56b9,True,1.0,1.0,0.8830711227536292,1.0,1.0,1.0,0.9512796344806788
1367,fd63045289ac5df7,True,1.0,1.0,0.9837188003730333,1.0,1.0,1.0,0.9932161668220972
1368,23ca661f3d7754c7,True,1.0,1.0,0.7819433011298517,1.0,1.0,1.0,0.9091430421374382
1369,8d8f238bb7315004,True,1.0,1.0,0.6391008908915676,1.0,1.0,1.0,0.8496253712048198
1370,1d7a96e116735b6c,True,1.0,1.0,0.880779495330903,1.0,1.0,1.0,0.9503247897212096
1371,5f4945f6b9b45024,True,1.0,1.0,1.0,1.0,1.0,1.0,1.0
1372,b425ed76adfb5351,True,1.0,1.0,0.8611166407888249,1.0,1.0,1.0,0.9421319336620103
1373,acd0bceedc6852c2,True,1.0,0.0,0.0,1.0,1.0,1.0,0.0
1374,814a2807af5f51f7,True,1.0,1.0,1.0,1.0,1.0,1.0,1.0
1375,4826c59b43f6568a,True,1.0,1.0,0.8277104347841692,1.0,1.0,1.0,0.9282126811600705
1376,05d6f076bdc855d1,True,1.0,1.0,0.9243022658339245,1.0,1.0,1.0,0.9684592774308017
1377,013ec5b715635a66,True,1.0,1.0,1.0,1.0,1.0,1.0,1.0
1378,a7b8ffecd36e5dbc,True,1.0,1.0,0.8770409737906428,1.0,1.0,1.0,0.9487670724127678
1379,3338ad25c2cc59d1,True,1.0,1.0,0.5777705701279072,1.0,1.0,1.0,0.824071070886628
1380,f7a9f82f17b256e2,True,1.0,1.0,0.9094046919346974,1.0,1.0,1.0,0.9622519549727905
1381,02ff5ce64ad75584,True,1.0,1.0,0.8329999228607472,1.0,1.0,1.0,0.9304166345253112
1382,b4914b3d729357d1,True,1.0,1.0,1.0,1.0,1.0,1.0,1.0
1383,fd9dc4abc0d357a1,True,1.0,1.0,0.7221127631402402,1.0,1.0,1.0,0.8842136513084334
1384,8c1e2438ad5f514a,True,1.0,1.0,1.0,1.0,1.0,1.0,1.0
1385,3a36b098acee53b9,True,1.0,1.0,1.0,1.0,1.0,1.0,1.0
1386,c8b422346e1f5252,True,1.0,1.0,1.0,1.0,1.0,1.0,1.0
1387,dcdacf7509ed5062,True,1.0,1.0,0.7930003389701614,1.0,1.0,1.0,0.9137501412375673
1388,2eb2bc9d3b35584f,True,1.0,1.0,1.0,1.0,1.0,1.0,1.0
1389,7edfabe116e25844,True,1.0,1.0,0.9530010109707899,1.0,1.0,1.0,0.9804170879044958
1390,71a5ed00dbe85089,True,1.0,1.0,0.6595726791285185,1.0,1.0,1.0,0.858155282970216
1391,9949b537feb55564,True,1.0,1.0,0.9096699114778132,1.0,1.0,1.0,0.9623624631157556
1392,def5763ef93655ae,True,1.0,1.0,0.8753281662864706,1.0,1.0,1.0,0.9480534026193629
1393,17329d8654895534,True,1.0,1.0,0.7380159433855068,1.0,1.0,1.0,0.890839976410628
1394,024fd1e792395805,True,1.0,1.0,0.900351642478251,1.0,1.0,1.0,0.9584798510326046
1395,0d77009a20f25175,True,1.0,1.0,0.9068204584187736,1.0,1.0,1.0,0.9611751910078223
1396,98c050c637ca5909,True,1.0,1.0,0.7154071065881747,1.0,1.0,1.0,0.8814196277450729
1397,a460a03aab635f35,True,1.0,0.0,0.0,1.0,1.0,1.0,0.0
1398,8aec77f33ddb5ac8,True,1.0,1.0,0.7135498400917,1.0,1.0,1.0,0.880645766704875
1399,6914bcabdeec5e0f,True,1.0,1.0,0.7661515706949824,1.0,1.0,1.0,0.9025631544562427
1400,f3a327d6e0e45d9a,True,1.0,1.0,1.0,1.0,1.0,0.0,1.0
1401,7ffee2481b68517c,True,1.0,1.0,0.8318705930554242,1.0,1.0,0.5,0.92994608043976
1402,a4fb656f624e5458,True,1.0,1.0,0.7603556743391506,1.0,1.0,1.0,0.9001481976413128
1403,48f9e483baaf58a0,True,1.0,1.0,0.5435623610679022,1.0,1.0,1.0,0.8098176504449593
1404,09a0456056555b0a,True,1.0,1.0,0.7581727079187374,1.0,1.0,1.0,0.8992386282994739
1405,d1cf48dea57f5d2a,True,1.0,1.0,1.0,1.0,1.0,1.0,1.0
1406,6d2b59f78d995d9c,True,1.0,1.0,1.0,1.0,1.0,1.0,1.0
1407,5fb039973cf85b11,True,1.0,1.0,0.9084606179255357,1.0,1.0,1.0,0.9618585908023065
1408,8fb6a2364e0c53f9,True,1.0,1.0,0.9580956348633387,1.0,1.0,1.0,0.9825398478597244
1409,26e8589d8c485726,True,1.0,1.0,0.7829944146457763,1.0,1.0,1.0,0.9095810061024068
1410,38d4aa43f5f25eeb,True,1.0,1.0,1.0,1.0,1.0,1.0,1.0
1411,977f40bd144b59e9,True,1.0,1.0,0.8307045894723595,1.0,1.0,1.0,0.9294602456134831
1412,d71f89f4f6e350b8,True,1.0,1.0,1.0,1.0,1.0,1.0,1.0
1413,7752ef9225b65783,True,1.0,1.0,1.0,1.0,1.0,1.0,1.0
1414,d2b3f402ba0f55c3,True,1.0,1.0,1.0,1.0,1.0,1.0,1.0
1415,85164858b3e55841,True,1.0,1.0,0.826997832960133,1.0,1.0,1.0,0.9279157637333887
1416,342596d95a475bed,True,1.0,1.0,0.9803565034855193,1.0,1.0,1.0,0.9918152097856331
1417,1eed252c6ca25157,True,1.0,1.0,0.5529537826753945,1.0,1.0,1.0,0.8137307427814143
1418,e2fe44045eac5b89,True,1.0,1.0,1.0,1.0,1.0,1.0,1.0
1419,ab66df989bcc56aa,True,1.0,1.0,0.9363575412371291,1.0,1.0,1.0,0.9734823088488037
1420,08e03654c0ca5151,True,1.0,1.0,1.0,1.0,1.0,1.0,1.0
1421,e3f62a1acf9d565e,True,1.0,1.0,1.0,1.0,1.0,1.0,1.0
1422,4cdd4e33b01a52a8,True,1.0,1.0,0.8798517925254898,1.0,1.0,1.0,0.9499382468856208
1423,94683fc69ce4599c,True,1.0,1.0,0.5755697603973154,1.0,1.0,1.0,0.8231540668322147
1424,e6e40103bfcb539e,True,1.0,1.0,0.7315195210083969,1.0,1.0,1.0,0.8881331337534988
1425,7272f8ee7e64591e,True,1.0,1.0,0.8742314341255705,1.0,1.0,1.0,0.9475964308856545
1426,1c8804a52fc0553c,True,1.0,1.0,1.0,1.0,1.0,1.0,1.0
1427,f3872682944e5d13,True,1.0,1.0,0.8673339148911514,1.0,1.0,1.0,0.9447224645379798
1428,4554dbd136da53b8,True,1.0,1.0,0.9616610549599072,1.0,1.0,1.0,0.984025439566628
1429,e22c42694be05703,True,1.0,1.0,0.781502177578862,1.0,1.0,1.0,0.9089592406578592
1430,6004740a8a8052f8,True,1.0,1.0,0.9372429684851478,1.0,1.0,1.0,0.9738512368688115
1431,239cb4818dc458fd,True,1.0,1.0,1.0,1.0,1.0,1.0,1.0
1432,002a52b0ed5650da,True,1.0,1.0,0.8086691282320781,1.0,1.0,1.0,0.9202788034300325
1433,d94a8579682651b4,True,1.0,1.0,1.0,1.0,1.0,1.0,1.0
1434,7e238e859ebb5720,True,0.0,1.0,0.0,0.0,1.0,0.0,0.0
1435,33c58e00f5805824,True,1.0,1.0,0.9567827433148257,1.0,1.0,1.0,0.9819928097145106
1436,52cad7d83eb65e75,True,1.0,1.0,0.830533007834791,1.0,1.0,1.0,0.9293887532644963
1437,9a24a904a324581d,True,1.0,1.0,1.0,1.0,1.0,1.0,1.0
1438,d5f845d28a5e513f,True,1.0,1.0,0.7777013328239016,1.0,1.0,1.0,0.9073755553432923
1439,0b5b1309df2f5627,True,1.0,1.0,0.6702534147259643,1.0,1.0,1.0,0.8626055894691519
1440,c195a8cb7ccb59fd,True,1.0,0.0,0.0,1.0,1.0,1.0,0.0
1441,51e7c560a43d5a25,True,1.0,1.0,1.0,1.0,1.0,1.0,1.0
1442,680f4753a59c5a24,True,1.0,1.0,0.9604514179223218,1.0,1.0,1.0,0.9835214241343007
1443,d12c5ba59acf55a0,True,1.0,1.0,0.9606715768808304,1.0,1.0,1.0,0.9836131570336794
1444,15bfed200b0d570e,True,1.0,1.0,0.7585953600320713,1.0,1.0,1.0,0.8994147333466964
1445,873e300af5a95bf2,True,1.0,1.0,0.9558011897000631,1.0,1.0,1.0,0.9815838290416931
1446,2002780575295bdc,True,1.0,1.0,1.0,1.0,1.0,1.0,1.0
1447,424cdafd92f25209,True,1.0,1.0,1.0,1.0,1.0,1.0,1.0
1448,cdf234c4f4c35156,True,1.0,1.0,0.8319486140860616,1.0,1.0,1.0,0.9299785892025256
1449,80ea2a91b1845071,True,1.0,1.0,1.0,1.0,1.0,1.0,1.0
1450,8673d97f94ae5700,True,1.0,1.0,0.8552153544953258,1.0,1.0,1.0,0.9396730643730523
1451,0670d0c81a5550c4,True,1.0,1.0,0.8173252351210127,1.0,1.0,1.0,0.9238855146337553
1452,e9ed7dbcb6365ea2,True,1.0,1.0,0.874869496409449,1.0,1.0,1.0,0.9478622901706037
1453,7bbb6cfc4f135e50,True,1.0,1.0,0.7768938193113499,1.0,1.0,1.0,0.9070390913797292
1454,50209c502bd157c8,True,1.0,1.0,0.6911338732949209,1.0,1.0,1.0,0.8713057805395504
1455,cb1d400e9da85f43,True,1.0,1.0,1.0,1.0,1.0,1.0,1.0
1456,ed98d12e4c99536d,True,1.0,1.0,1.0,1.0,1.0,0.5,1.0
1457,ae3496e6ce435e73,True,1.0,1.0,1.0,1.0,1.0,1.0,1.0
1458,b6a62a2356885962,True,1.0,1.0,1.0,1.0,1.0,1.0,1.0
1459,60991b5c52d85113,True,1.0,1.0,1.0,1.0,1.0,1.0,1.0
1460,3461796610c15a0e,True,1.0,1.0,1.0,1.0,1.0,1.0,1.0
1461,c054f473288d5515,True,1.0,1.0,0.7870497436576087,1.0,1.0,1.0,0.9112707265240036
1462,18ca4d6e9c0a576b,True,1.0,1.0,1.0,1.0,1.0,1.0,1.0
1463,647a42b4e5075f16,True,1.0,1.0,0.9189021590612308,1.0,1.0,1.0,0.9662092329421794
1464,56a45baf2fb55951,True,1.0,1.0,1.0,1.0,1.0,1.0,1.0
1465,66cd30f395c45537,True,1.0,1.0,0.7477947669583642,1.0,1.0,1.0,0.8949144862326518
1466,7d423cc4c7b9541a,True,1.0,1.0,0.9944439637149318,1.0,1.0,1.0,0.9976849848812216
1467,213494be2acb5c68,True,1.0,1.0,0.7718605230757989,1.0,1.0,1.0,0.9049418846149161
1468,d5b21176c2e1526c,True,1.0,1.0,1.0,1.0,1.0,1.0,1.0
1469,20ffc5c3de7c591a,True,1.0,1.0,0.7594147987026101,1.0,1.0,1.0,0.8997561661260876
1470,54e1cb577c0a5f7e,True,1.0,1.0,0.8866995615566405,1.0,1.0,1.0,0.9527914839819336
1471,a1adc0fae78f5a3f,True,1.0,1.0,0.8877540597935923,1.0,1.0,1.0,0.9532308582473301
1472,c07f609f83b85dd6,True,1.0,1.0,0.8696987175886896,1.0,1.0,1.0,0.9457077989952873
1473,56b0ed5018c25d3f,True,1.0,1.0,1.0,1.0,1.0,0.0,1.0
1474,b7453f77be5b53df,True,1.0,1.0,0.775929202324651,1.0,1.0,1.0,0.9066371676352712
1475,deb455f53c805643,True,1.0,1.0,0.7602559878173152,1.0,1.0,1.0,0.9001066615905481
1476,29d982d97d135311,True,1.0,1.0,0.9962897670762825,1.0,1.0,1.0,0.9984540696151177
1477,e704fb7745a75fd7,True,1.0,1.0,0.7468354212415131,1.0,1.0,1.0,0.8945147588506305
1478,f2644280215250cd,True,1.0,1.0,0.937899882459638,1.0,1.0,1.0,0.9741249510248492
1479,c2116c7a0b15556d,True,1.0,1.0,0.8962131898756405,1.0,1.0,1.0,0.9567554957815169
1480,ffde3cc525b75021,True,1.0,1.0,1.0,1.0,1.0,1.0,1.0
1481,508511fd38a15d52,True,1.0,1.0,1.0,1.0,1.0,1.0,1.0
1482,02e3c13aa3975b02,True,1.0,1.0,0.8164894140187079,1.0,1.0,1.0,0.9235372558411283
1483,11cad3355c7b55dd,True,1.0,1.0,0.9662620596992317,1.0,1.0,1.0,0.9859425248746799
1484,134cbee5a9635cd7,True,0.0,1.0,0.0,0.0,1.0,1.0,0.0
1485,7015bc44f34252f4,True,1.0,1.0,1.0,1.0,0.0,1.0,0.8333333333333334
1486,697882c22eb65ca7,True,1.0,0.0,0.0,0.0,1.0,1.0,0.0
1487,c32ae6a1954651ec,True,1.0,1.0,0.852116841887067,1.0,1.0,1.0,0.9383820174529447
1488,aba3b771ef0054c6,True,1.0,1.0,0.8855138570991964,1.0,1.0,1.0,0.9522974404579984
1489,a3f2ea7187975b13,True,1.0,1.0,1.0,1.0,1.0,1.0,1.0
1490,e3b8bfc261ac5969,True,1.0,1.0,1.0,1.0,1.0,1.0,1.0
1491,bc1a3b9fa4ca5000,True,1.0,1.0,0.9857134547969455,1.0,1.0,1.0,0.9940472728320606
1492,31cdd1b336305b1a,True,1.0,1.0,0.8001132795492402,1.0,1.0,1.0,0.9167138664788501
1493,a32383d18e5351cc,True,1.0,1.0,1.0,1.0,1.0,1.0,1.0
1494,4827434c5d3659cd,True,1.0,1.0,1.0,1.0,1.0,1.0,1.0
1495,2ef107f7be2351a5,True,1.0,1.0,0.9357407055815057,1.0,1.0,1.0,0.973225293992294
1496,30b35ae958ee5bae,True,1.0,1.0,0.76453615708314,1.0,1.0,1.0,0.9018900654513083
1497,5fd68bb785b258ef,True,1.0,1.0,0.8180964458248127,1.0,1.0,1.0,0.9242068524270053
1498,7bf4d5a2cad05f50,True,1.0,1.0,0.83493533541331,1.0,1.0,1.0,0.9312230564222125
1499,b9f3b69b160e5ad0,True,1.0,0.0,0.0,1.0,1.0,1.0,0.0
1500,0ee0eabadd125c7b,True,1.0,1.0,0.9541051815760372,1.0,1.0,1.0,0.9808771589900155
1501,3882f317a3f55e29,True,1.0,1.0,0.7758024159688409,1.0,1.0,1.0,0.9065843399870172
1502,2184b01d59d4550c,True,1.0,1.0,1.0,1.0,1.0,1.0,1.0
1503,388181311ef25756,True,1.0,1.0,1.0,1.0,1.0,1.0,1.0
1504,c20652fc6a78529b,True,1.0,1.0,0.6739833715508833,1.0,1.0,1.0,0.8641597381462014
1505,2ee34c8975525f5c,True,1.0,1.0,1.0,1.0,1.0,1.0,1.0
1506,26ba80ad72205a03,True,1.0,1.0,0.9705198802909327,1.0,1.0,1.0,0.9877166167878887
1507,6ff86f7f95cb502a,True,1.0,1.0,1.0,1.0,1.0,1.0,1.0
1508,3f3d9b32f2fa53ef,True,1.0,1.0,1.0,1.0,1.0,1.0,1.0
1509,1bdfacbfcff75c27,True,1.0,1.0,0.8385942896360368,1.0,1.0,1.0,0.932747620681682
1510,daf715295e7d576b,True,1.0,1.0,1.0,1.0,1.0,1.0,1.0
1511,522894525b4e5168,True,1.0,1.0,0.9263041591362551,1.0,1.0,1.0,0.9692933996401063
1512,b4176d2246d452ea,True,1.0,1.0,1.0,1.0,1.0,1.0,1.0
1513,8f60912c624e5f5f,True,1.0,1.0,1.0,0.0,1.0,0.0,0.5833333333333334
1514,62013ac84b3a57e5,True,1.0,1.0,0.8447726447911504,1.0,1.0,1.0,0.9353219353296461
1515,d781ee7dce4a5351,True,1.0,1.0,0.8803107828549782,1.0,1.0,1.0,0.950129492856241
1516,c962887d22e95f88,True,1.0,1.0,1.0,1.0,1.0,1.0,1.0
1517,384def2e3f9657f6,True,1.0,1.0,0.822845506522251,1.0,1.0,1.0,0.9261856277176047
1518,0ebdf3a905ba522f,True,1.0,1.0,0.8632857239320315,1.0,1.0,1.0,0.9430357183050132
1519,5590042a1aaa5f92,True,1.0,1.0,0.984128770018165,1.0,1.0,1.0,0.9933869875075688
1520,f9720f622fd4511b,True,1.0,1.0,0.6694266132051758,1.0,1.0,1.0,0.8622610888354899
1521,56af8eae4788597f,True,1.0,1.0,1.0,1.0,1.0,1.0,1.0
1522,03e24d87e7315809,True,1.0,1.0,0.9180369228315989,1.0,1.0,1.0,0.9658487178464995
1523,4dde36d102a4526b,True,1.0,1.0,1.0,1.0,1.0,1.0,1.0
1524,4874da28248a5026,True,1.0,1.0,1.0,1.0,1.0,1.0,1.0
1525,169528411ca85ba4,True,1.0,1.0,0.9243571393654009,1.0,1.0,1.0,0.9684821414022503
1526,9d02128f653455a3,True,1.0,1.0,0.9543829720839963,1.0,1.0,1.0,0.9809929050349985
1527,e7b780eed68e5ce3,True,1.0,1.0,1.0,1.0,1.0,1.0,1.0
1528,248a920cf01751f1,True,1.0,1.0,1.0,1.0,1.0,1.0,1.0
1529,48b6d9fdf22d5a23,True,1.0,1.0,0.551296004623207,1.0,1.0,1.0,0.8130400019263363
1530,76d3db995c9e5946,True,1.0,1.0,0.8023632745749242,1.0,1.0,1.0,0.9176513644062183
1531,6b977574e52a5f1b,True,1.0,1.0,1.0,1.0,1.0,1.0,1.0
1532,b5271c19eef859ed,True,0.0,1.0,0.0,0.0,1.0,1.0,0.0
1533,e9645135a4fe5739,True,1.0,1.0,0.7827620569756465,1.0,1.0,1.0,0.9094841904065194
1534,6916caadd44a5806,True,1.0,1.0,0.7810181537482248,1.0,1.0,1.0,0.9087575640617603
1535,21b54e6d58985ae3,True,1.0,1.0,1.0,1.0,1.0,1.0,1.0
1536,959a7f2070f551e9,True,1.0,1.0,0.6717080153438064,1.0,1.0,1.0,0.8632116730599194
1537,1b01f89fe48355b6,True,1.0,1.0,0.710385945230266,1.0,1.0,1.0,0.8793274771792775
1538,2403645ef4fe5b10,True,1.0,1.0,0.8963639420516478,1.0,1.0,1.0,0.9568183091881867
1539,39cf3b9137615a6b,True,1.0,1.0,0.8044291074439615,1.0,1.0,1.0,0.9185121281016505
1540,52c6827af61d5b87,True,1.0,1.0,1.0,1.0,1.0,1.0,1.0
1541,2f23d31a3ddf5de9,True,1.0,1.0,1.0,1.0,1.0,1.0,1.0
1542,2d8b8e77af38568f,True,1.0,1.0,0.6399876592390508,1.0,1.0,1.0,0.8499948580162711
1543,c2b5ebf8ace851ea,True,1.0,1.0,1.0,1.0,1.0,1.0,1.0
1544,9184d994aedd50b1,True,1.0,1.0,0.5718852447776589,1.0,1.0,1.0,0.8216188519906913
1545,2fb12c4c2eec5b8d,True,1.0,1.0,1.0,1.0,1.0,1.0,1.0
1546,0f622aef14545f59,True,1.0,1.0,0.8355226916664851,1.0,1.0,1.0,0.9314677881943688
1547,aed7c50719f959a1,True,1.0,1.0,1.0,1.0,1.0,1.0,1.0
1548,e76e7c89a8935276,True,1.0,1.0,0.8560912110072081,1.0,1.0,1.0,0.9400380045863367
1549,bed4ec62805f5790,True,1.0,1.0,1.0,1.0,1.0,1.0,1.0
1550,1f57ce2072e25edb,True,1.0,1.0,0.9032520114282532,1.0,1.0,1.0,0.9596883380951056
1551,927b73fea33f5218,True,1.0,1.0,0.8928079733742923,1.0,1.0,1.0,0.9553366555726218
1552,b24954d56c155570,True,1.0,1.0,1.0,1.0,1.0,1.0,1.0
1553,af335d636f4c516e,True,1.0,1.0,0.9243270039609276,1.0,1.0,1.0,0.9684695849837199
1554,bf8c5276f9a6539d,True,1.0,1.0,0.759146893998961,1.0,1.0,1.0,0.8996445391662338
1555,d37e71f395695c6f,True,1.0,1.0,0.8094675434903842,1.0,1.0,1.0,0.9206114764543267
1556,3c303aa231e65a53,True,1.0,1.0,0.9821319449249514,1.0,1.0,1.0,0.9925549770520631
1557,06f604b0d4835371,True,1.0,1.0,0.840460234193365,1.0,1.0,1.0,0.9335250975805688
1558,282855be37635ecc,True,1.0,1.0,1.0,1.0,1.0,1.0,1.0
1559,a7f3d88fe5e5534e,True,1.0,1.0,0.8841274371527704,1.0,1.0,1.0,0.951719765480321
1560,7022b42a3743507a,True,1.0,1.0,1.0,1.0,1.0,1.0,1.0
1561,30d60ce25f4d552e,True,1.0,1.0,0.8721820483411018,1.0,1.0,1.0,0.9467425201421258
1562,32a73ed06daa5b0e,True,1.0,1.0,0.8623358640985591,1.0,1.0,1.0,0.9426399433743997
1563,a20beaedf66b59f3,True,1.0,1.0,0.747693578061605,1.0,1.0,1.0,0.8948723241923354
1564,5ca8a2941e3f56c2,True,1.0,1.0,1.0,0.0,1.0,1.0,0.5833333333333334
1565,3d11d1a35e8f500d,True,1.0,1.0,0.8564676130081827,1.0,1.0,1.0,0.9401948387534095
1566,c665621fe4e455cb,True,1.0,1.0,0.6839835737616743,1.0,1.0,1.0,0.8683264890673642
1567,0d9243e74a1a501a,True,1.0,1.0,0.6354663931634745,1.0,1.0,1.0,0.8481109971514478
1568,553c80b72cdc5c04,True,1.0,1.0,0.8132467306002076,1.0,1.0,1.0,0.9221861377500865
1569,ea9f070b56115301,True,1.0,1.0,0.9507589136290767,1.0,1.0,1.0,0.979482880678782
1570,446dbb38653a51a8,True,1.0,1.0,0.9400211662498942,1.0,1.0,1.0,0.9750088192707892
1571,024d012881be5995,True,1.0,1.0,0.7068069183093019,1.0,1.0,1.0,0.8778362159622092
1572,9a00d37375a95d7e,True,1.0,1.0,0.5486756439269491,1.0,1.0,1.0,0.8119481849695621
1573,2eb015a011ac5fa2,True,1.0,1.0,0.9996285602444406,1.0,1.0,1.0,0.9998452334351836
1574,bb0d850edd125bbe,True,1.0,1.0,0.6733834632681954,1.0,1.0,1.0,0.8639097763617481
1575,76e0272a57f55674,True,1.0,1.0,0.8126701828540928,1.0,1.0,1.0,0.9219459095225386
1576,ee4ca385da5d5778,True,1.0,1.0,0.7533333706218179,1.0,1.0,1.0,0.8972222377590908
1577,4ccc9e33aa795ef1,True,1.0,1.0,1.0,1.0,1.0,1.0,1.0
1578,16d3bf2e9bf75eb4,True,1.0,1.0,0.6319748084203594,1.0,1.0,1.0,0.8466561701751498
1579,98b148d419725caa,True,1.0,1.0,0.6004648515159083,1.0,1.0,1.0,0.8335270214649618
1580,8c36f77fe7215dd7,True,1.0,1.0,0.9553358244870631,1.0,1.0,1.0,0.9813899268696096
1581,7643b4b3f33d5910,True,1.0,1.0,0.8826958055773856,1.0,1.0,1.0,0.9511232523239107
1582,c3a9557ccfb5517c,True,1.0,1.0,1.0,1.0,1.0,1.0,1.0
1583,7444ae8aea51554e,True,1.0,0.0,0.0,0.0,1.0,1.0,0.0
1584,00fcad6d092c5e8e,True,1.0,1.0,0.9850091691246987,1.0,1.0,1.0,0.9937538204686245
1585,d68601dbb9d45f6b,True,1.0,1.0,1.0,1.0,1.0,1.0,1.0
1586,24108688ab4856ab,True,1.0,1.0,0.5283142582912763,1.0,1.0,1.0,0.8034642742880318
1587,f49f94b388d8561d,True,1.0,1.0,1.0,1.0,1.0,1.0,1.0
1588,9861c0473b505895,True,1.0,1.0,1.0,1.0,1.0,1.0,1.0
1589,61573a0820cc553a,True,1.0,1.0,0.7254829814783116,1.0,1.0,1.0,0.8856179089492965
1590,776069d80826529d,True,1.0,1.0,0.6803530857166519,1.0,1.0,1.0,0.8668137857152716
1591,49ee466685265a80,True,1.0,1.0,1.0,0.0,1.0,1.0,0.5833333333333334
1592,82ee38a271b15bb1,True,1.0,0.0,0.0,1.0,1.0,1.0,0.0
1593,1ebc0b5378ab5caa,True,1.0,1.0,1.0,1.0,1.0,1.0,1.0
1594,7f2edc964c6d5323,True,1.0,1.0,0.9096003182710748,1.0,1.0,1.0,0.9623334659462811
1595,8be468b729aa5f1e,True,1.0,1.0,0.8892154685939846,1.0,1.0,1.0,0.9538397785808269
1596,6aaf052582e35b0c,True,1.0,1.0,1.0,1.0,1.0,1.0,1.0
1597,81d893bd99de519b,True,1.0,0.0,0.0,1.0,1.0,1.0,0.0
1598,ecdc079932755e4e,True,1.0,1.0,0.9679937542314055,1.0,1.0,1.0,0.9866640642630857
1599,614d5297c1a05a46,True,1.0,1.0,0.8736685538766997,1.0,1.0,1.0,0.947361897448625
1600,4a71a24c376f5388,True,1.0,1.0,1.0,1.0,1.0,1.0,1.0
1601,95bd905e3f685a28,True,1.0,1.0,0.7768515927111375,1.0,1.0,1.0,0.9070214969629738
1602,6561633171e75bb6,True,1.0,1.0,1.0,1.0,1.0,1.0,1.0
1603,7427658d61b55fb8,True,1.0,1.0,1.0,1.0,1.0,1.0,1.0
1604,03eef9b11774564f,True,1.0,1.0,1.0,1.0,1.0,1.0,1.0
1605,595596a88cce5c9d,True,1.0,1.0,0.7968403303570879,1.0,1.0,1.0,0.9153501376487867
1606,0208ed2202af56b2,True,1.0,1.0,0.827080691741946,1.0,1.0,1.0,0.9279502882258108
1607,2dad1998a320527d,True,1.0,1.0,0.9279797973986107,1.0,1.0,1.0,0.9699915822494211
1608,1abf52a927025259,True,1.0,1.0,0.837912521689044,1.0,1.0,1.0,0.9324635507037683
1609,0b2839db08ae5ed6,True,1.0,1.0,0.7414796004235118,1.0,1.0,1.0,0.8922831668431299
1610,4bdff78fdccd5f6d,True,1.0,1.0,0.8874479302524373,1.0,1.0,1.0,0.9531033042718488
1611,e9fcec80707952c3,True,1.0,1.0,0.620772042315227,1.0,1.0,1.0,0.841988350964678
1612,096d823b664e5972,True,1.0,1.0,0.6467807513122876,1.0,1.0,1.0,0.8528253130467865
1613,62d4c8dfdef65bc5,True,1.0,1.0,0.8615479635599151,1.0,1.0,1.0,0.942311651483298
1614,9e77d9cf35e05d55,True,1.0,1.0,0.8674848039070039,1.0,1.0,1.0,0.9447853349612516
1615,6f525eba8afc547c,True,1.0,1.0,0.8764668834757919,1.0,1.0,1.0,0.9485278681149133
1616,eb2304df049d5ce3,True,1.0,1.0,1.0,1.0,1.0,1.0,1.0
1617,c12b3554dcd655c0,True,1.0,1.0,0.8973723014970267,1.0,1.0,1.0,0.9572384589570945
1618,7eb33ecbb32d5a60,True,1.0,1.0,1.0,1.0,1.0,1.0,1.0
1619,a2e0d4dc100159a5,True,1.0,1.0,0.7514203716860208,1.0,1.0,1.0,0.8964251548691754
1620,e2efd574ab0b56a2,True,1.0,1.0,1.0,1.0,1.0,1.0,1.0
1621,ddfadfe2f0385b3b,True,1.0,1.0,0.9816564298084786,1.0,1.0,1.0,0.9923568457535327
1622,bbc8e4799fe85548,True,1.0,1.0,0.8118228673052492,1.0,1.0,1.0,0.9215928613771872
1623,c1ea7d700faa5fee,True,1.0,1.0,1.0,1.0,1.0,1.0,1.0
1624,4e496bfdb6b95697,True,1.0,1.0,1.0,0.0,1.0,1.0,0.5833333333333334
1625,4cac9f6cd85a5b47,True,1.0,1.0,0.8842336949543573,1.0,1.0,1.0,0.9517640395643155
1626,2802831d87ba5a55,True,1.0,1.0,0.9434135938928357,1.0,1.0,1.0,0.9764223307886816
1627,dd414d3d7d5452f1,True,1.0,1.0,0.7664279275555812,1.0,1.0,1.0,0.9026783031481589
1628,00137a5ce92d591c,True,1.0,1.0,0.6342787405201576,1.0,1.0,1.0,0.8476161418833991
1629,352fabb819b95d6c,True,1.0,1.0,0.5634803222232273,1.0,1.0,1.0,0.8181168009263446
1630,dd07f89bea6f5147,True,1.0,1.0,0.9279886745548646,1.0,1.0,1.0,0.9699952810645268
1631,b7bbef1569ca526e,True,1.0,1.0,1.0,1.0,1.0,1.0,1.0
1632,1f90968aaeb55128,True,1.0,1.0,0.9534952872563378,1.0,1.0,1.0,0.9806230363568075
1633,b19f226d281e588a,True,1.0,1.0,0.7820166468402272,1.0,1.0,1.0,0.9091736028500946
1634,0df7b61597705cf2,True,1.0,1.0,0.702675227096034,1.0,1.0,1.0,0.8761146779566809
1635,96c8893a610b51ba,True,1.0,1.0,0.8120887088991524,1.0,1.0,1.0,0.9217036287079802
1636,67c2aef1f35a523e,True,1.0,1.0,1.0,1.0,1.0,1.0,1.0
1637,24567f5ad57455c4,True,1.0,1.0,1.0,1.0,1.0,1.0,1.0
1638,d9fdaff6c17659bc,True,1.0,1.0,0.8020173015161789,1.0,1.0,1.0,0.9175072089650745
1639,b12faa3892185d8f,True,1.0,1.0,0.5318691305931463,1.0,1.0,1.0,0.8049454710804776
1640,10f5795252265ff3,True,1.0,1.0,0.9636994781079933,1.0,1.0,1.0,0.9848747825449973
1641,1a775d7198a654e0,True,1.0,1.0,0.7893721258656392,1.0,1.0,1.0,0.9122383857773496
1642,04e3f71d6bc15d1e,True,1.0,1.0,1.0,0.0,1.0,1.0,0.5833333333333334
1643,cebdeff85ac65185,True,1.0,1.0,1.0,1.0,1.0,1.0,1.0
1644,15959d7a3d3a53f5,True,1.0,1.0,0.632280654269938,1.0,1.0,1.0,0.8467836059458075
1645,1fd8eed8897a5667,True,1.0,1.0,1.0,1.0,1.0,1.0,1.0
1646,3dc04b54c3515f56,True,1.0,1.0,0.8523716680978073,1.0,1.0,1.0,0.938488195040753
1647,4b347fca93c65596,True,1.0,1.0,0.6287820616993437,1.0,1.0,1.0,0.8453258590413931
1648,13fe271547945a97,True,1.0,1.0,1.0,1.0,1.0,1.0,1.0
1649,159972aee8265c33,True,0.0,0.0,0.0,0.0,1.0,0.5,0.0
1650,ee8e4ad158ef5a8d,True,1.0,1.0,1.0,1.0,1.0,1.0,1.0
1651,93bdcee4c814567c,True,1.0,1.0,0.7590028291412135,1.0,1.0,1.0,0.8995845121421723
1652,af052c91de0f5295,True,1.0,1.0,1.0,1.0,1.0,1.0,1.0
1653,09fda519bc395630,True,1.0,1.0,0.9465292029639056,1.0,1.0,1.0,0.9777205012349607
1654,cc9f9924e6f25e64,True,1.0,1.0,0.7533675884874123,1.0,1.0,1.0,0.8972364952030883
1655,19e90f2757b25f38,True,1.0,1.0,0.6434895312959136,1.0,1.0,1.0,0.8514539713732973
1656,157c6c5b1b9d5608,True,1.0,1.0,0.9486338332786594,1.0,1.0,1.0,0.9785974305327748
1657,980db9371e6b52de,True,1.0,1.0,0.9785247590229283,1.0,1.0,1.0,0.9910519829262201
1658,661d0a5bf2735f03,True,1.0,1.0,0.8658507630369481,1.0,1.0,1.0,0.9441044845987284
1659,e805310ff3055efa,True,1.0,1.0,1.0,1.0,1.0,1.0,1.0
1660,6d93bbdab42255a9,True,1.0,1.0,1.0,1.0,1.0,1.0,1.0
1661,0e713cce7ce35df0,True,1.0,1.0,1.0,1.0,1.0,1.0,1.0
1662,9a03bf441e615cd6,True,1.0,1.0,0.8367610221752477,1.0,1.0,1.0,0.9319837592396866
1663,92471a550d745af1,True,1.0,1.0,1.0,1.0,1.0,1.0,1.0
1664,cd89b212efe9585a,True,1.0,1.0,1.0,1.0,1.0,1.0,1.0
1665,efc8eef1e7b551d9,True,1.0,1.0,0.8644431520895021,1.0,1.0,1.0,0.9435179800372925
1666,efeac78f0da05463,True,1.0,1.0,0.7903674896357755,1.0,1.0,1.0,0.9126531206815732
1667,8869a2f03bbd5570,True,1.0,1.0,1.0,1.0,1.0,1.0,1.0
1668,e2080118123b5cc8,True,1.0,1.0,0.6707608205663943,1.0,1.0,1.0,0.8628170085693311
1669,0038810163a05e09,True,1.0,1.0,1.0,1.0,1.0,1.0,1.0
1670,c48cfa7c240d5808,True,1.0,1.0,0.9763474645135123,1.0,1.0,1.0,0.9901447768806301
1671,d1ac97f2f57553d0,True,1.0,1.0,0.8144379151418292,1.0,1.0,1.0,0.9226824646424289
1672,874ce413a47e5c30,True,1.0,1.0,0.8935639251251064,1.0,1.0,1.0,0.9556516354687944
1673,59c00098b95d53b8,True,1.0,1.0,0.6978643177190513,1.0,1.0,1.0,0.874110132382938
1674,d1d1cb2c2a5b5a29,True,1.0,1.0,0.8065109097758457,1.0,1.0,1.0,0.9193795457399357
1675,20403b65d87d5e5a,True,1.0,1.0,1.0,1.0,1.0,1.0,1.0
1676,f7544894729252f5,True,1.0,1.0,0.8606572776409784,1.0,1.0,1.0,0.9419405323504076
1677,4d718caa6ebc5b37,True,1.0,1.0,0.6015528778740235,1.0,1.0,1.0,0.833980365780843
1678,dd54db98a83b5714,True,1.0,1.0,0.7047338029256568,1.0,1.0,1.0,0.8769724178856904
1679,df7e2f19b3cc5ba6,True,1.0,1.0,1.0,1.0,1.0,1.0,1.0
1680,0b4a7c2ba59e5a8c,True,1.0,1.0,0.8406937406762135,1.0,1.0,1.0,0.9336223919484222
1681,038e954a77a95537,True,1.0,1.0,0.906710853109748,1.0,1.0,1.0,0.9611295221290618
1682,d496c44726c35e33,True,1.0,1.0,1.0,1.0,1.0,1.0,1.0
1683,08ebfd6fbc145517,True,1.0,1.0,0.9122095043363878,1.0,1.0,1.0,0.9634206268068283
1684,fbc9981c30745684,True,1.0,1.0,0.8632247171699716,1.0,1.0,1.0,0.9430102988208215
1685,dcd3886f044a5e29,True,1.0,1.0,0.857335887453766,1.0,1.0,1.0,0.9405566197724026
1686,bc8d053770cf5449,True,1.0,1.0,1.0,1.0,1.0,1.0,1.0
1687,b628faa4178d5eaf,True,1.0,1.0,0.6738761203944035,1.0,1.0,1.0,0.8641150501643349
1688,c71161b938af5b16,True,1.0,1.0,1.0,1.0,1.0,1.0,1.0
1689,2d4d907377f35695,True,1.0,1.0,0.7806820360430649,1.0,1.0,1.0,0.9086175150179437
1690,cbadd750cbd6581b,True,1.0,1.0,0.760323745167393,1.0,1.0,1.0,0.9001348938197471
1691,3d0c780c0aba552e,True,1.0,1.0,1.0,1.0,1.0,1.0,1.0
1692,c0e14f1288ca5066,True,1.0,1.0,0.991724408507486,0.0,1.0,1.0,0.5798851702114525
1693,84d10a502c1b5a74,True,1.0,1.0,1.0,1.0,1.0,1.0,1.0
1694,9b7ffde4ab9c53a5,True,1.0,1.0,1.0,1.0,1.0,1.0,1.0
1695,bee76fa92b735b00,True,1.0,1.0,0.8263500419601479,1.0,1.0,1.0,0.9276458508167282
1696,62c5045db3c159aa,True,1.0,1.0,1.0,1.0,1.0,1.0,1.0
1697,53834451cfa75fd0,True,1.0,1.0,0.9607367158508012,1.0,1.0,1.0,0.9836402982711672
1698,1eb474de58ca5d6f,True,1.0,1.0,0.9296773278795911,1.0,1.0,1.0,0.9706988866164963
1699,a8ee480d197e56dd,True,1.0,1.0,1.0,1.0,1.0,1.0,1.0
1700,485b3e83878255b2,True,1.0,1.0,0.8488585744611651,1.0,1.0,1.0,0.9370244060254854
1701,92a263b537fd5b72,True,1.0,1.0,0.8592507703577038,1.0,1.0,1.0,0.9413544876490433
1702,20c8f9038443596e,True,1.0,1.0,0.8015268009837244,1.0,1.0,1.0,0.9173028337432184
1703,8c9e3fd944c051e3,True,1.0,1.0,1.0,1.0,1.0,1.0,1.0
1704,1b3ed6f1e9b8574d,True,1.0,1.0,0.5513700775860385,1.0,1.0,1.0,0.8130708656608494
1705,0da1e53d70565ba4,True,1.0,1.0,0.9003618171615323,1.0,1.0,1.0,0.9584840904839718
1706,0221ed2a1c495f23,True,1.0,1.0,0.927322220977829,1.0,1.0,1.0,0.9697175920740954
1707,bf8b8714f63d5642,True,1.0,1.0,0.87751276761032,1.0,1.0,1.0,0.9489636531709666
1708,70e50d9b18305fa4,True,1.0,1.0,0.7036657333380835,1.0,1.0,1.0,0.8765273888908681
1709,deae4b3cac52513c,True,1.0,1.0,0.8572826352955986,1.0,1.0,1.0,0.9405344313731661
1710,4fbfc7dc71db50e2,True,1.0,1.0,0.8036542774982957,1.0,1.0,1.0,0.9181892822909564
1711,36650ce9087150de,True,1.0,1.0,0.6694831458304509,1.0,1.0,1.0,0.8622846440960212
1712,ffe92084016a5795,True,1.0,1.0,0.5087679641954382,1.0,1.0,1.0,0.7953199850814325
1713,8f41958d23a65c48,True,1.0,0.0,0.0,1.0,1.0,1.0,0.0
1714,929fe68adaef5ee7,True,1.0,1.0,0.7142398884738524,1.0,1.0,1.0,0.8809332868641052
1715,255be1c4910b506e,True,1.0,1.0,0.8259774662514059,1.0,1.0,1.0,0.9274906109380857
1716,1b3ae7a2d38d5c6c,True,1.0,1.0,0.7887561166802252,1.0,1.0,1.0,0.9119817152834271
1717,ba190b181dc85a2b,True,1.0,1.0,0.8774385923815357,1.0,1.0,1.0,0.94893274682564
1718,e3caf69e02f857ba,True,1.0,1.0,0.8405457346256248,1.0,1.0,1.0,0.933560722760677
1719,ceb9332b03d3577b,True,1.0,1.0,0.764459309495291,1.0,1.0,1.0,0.901858045623038
1720,f1b8c54a906f525e,True,1.0,1.0,1.0,1.0,1.0,1.0,1.0
1721,f9b16eaee3b956a3,True,1.0,1.0,1.0,1.0,1.0,1.0,1.0
1722,742ac4ddb9d7557d,True,1.0,1.0,1.0,1.0,1.0,1.0,1.0
1723,9116e9726a6f59cb,True,1.0,1.0,0.876940189426606,1.0,1.0,1.0,0.9487250789277525
1724,aafbe79abf625492,True,1.0,1.0,0.8734555879899996,1.0,1.0,1.0,0.9472731616624998
1725,912bc19c43a15d8d,True,1.0,1.0,0.8251284765592698,1.0,1.0,1.0,0.9271368652330292
1726,f7103dfe59a959be,True,1.0,1.0,1.0,1.0,1.0,1.0,1.0
1727,a93fa498bfbf5fb8,True,1.0,1.0,0.8017520424640907,1.0,1.0,1.0,0.9173966843600377
1728,66225fc71bd35554,True,1.0,1.0,0.9807276042145701,1.0,1.0,1.0,0.9919698350894043
1729,1ab2fedfbb4b5c2f,True,1.0,1.0,0.7084089888068494,1.0,1.0,1.0,0.8785037453361872
1730,065ec41ed01d59ca,True,1.0,1.0,1.0,1.0,1.0,1.0,1.0
1731,5be861ae85a75b45,True,1.0,1.0,0.8705413062092996,1.0,1.0,1.0,0.9460588775872081
1732,d719f6e5de715f5a,True,1.0,1.0,1.0,1.0,1.0,1.0,1.0
1733,11d091d0bd985e5e,True,1.0,1.0,0.7345426700608387,1.0,1.0,1.0,0.8893927791920161
1734,7ebca95e877a557b,True,1.0,1.0,0.9244084929202848,1.0,1.0,1.0,0.9685035387167854
1735,4014296da6f75079,True,1.0,1.0,1.0,1.0,1.0,1.0,1.0
1736,c6319bbc03fb57d0,True,1.0,1.0,0.6448690631473325,1.0,1.0,1.0,0.8520287763113886
1737,7bb27993dd475c3d,True,1.0,1.0,1.0,1.0,1.0,1.0,1.0
1738,45408d0676b7570c,True,1.0,1.0,1.0,1.0,1.0,1.0,1.0
1739,1a1f73871bea5afa,True,1.0,1.0,0.7312835125289824,1.0,1.0,1.0,0.888034796887076
1740,0c0044f312655c94,True,1.0,1.0,0.7294789868349284,1.0,1.0,1.0,0.8872829111812202
1741,d4849a52aaa55a9f,True,1.0,1.0,1.0,1.0,1.0,1.0,1.0
1742,ae02e969e8595cca,True,1.0,1.0,0.7873848894562657,1.0,1.0,1.0,0.9114103706067773
1743,1586b456d978588f,True,1.0,1.0,1.0,1.0,0.0,0.0,0.8333333333333334
1744,6e395976280452e1,True,1.0,1.0,1.0,1.0,1.0,1.0,1.0
1745,69976d75e3a5521e,True,1.0,1.0,1.0,1.0,1.0,1.0,1.0
1746,eda3453c6d5355e0,True,1.0,1.0,0.7801757652288647,1.0,1.0,1.0,0.9084065688453603
1747,25e2cda283355b76,True,1.0,1.0,0.5390577183275334,1.0,1.0,1.0,0.8079407159698055
1748,4f8fc653ac98588e,True,1.0,1.0,1.0,1.0,1.0,1.0,1.0
1749,e11b470ae6285663,True,1.0,1.0,0.7688963646669078,1.0,1.0,1.0,0.9037068186112117
1750,f3c7dc93e3bc57c1,True,1.0,1.0,0.8317975703101511,1.0,1.0,1.0,0.9299156542958963
1751,97f7a14f8a835f59,True,1.0,1.0,1.0,1.0,1.0,1.0,1.0
1752,49a0d29c7058501c,True,1.0,1.0,0.7464559744332434,1.0,1.0,1.0,0.8943566560138514
1753,e0416692bc5251ba,True,1.0,1.0,0.7130751129534677,1.0,1.0,1.0,0.8804479637306115
1754,71405d414236553c,True,1.0,1.0,0.7804360578855256,1.0,1.0,1.0,0.908515024118969
1755,e55fc5c3ee36528b,True,1.0,1.0,0.9164285768549121,1.0,1.0,1.0,0.9651785736895467
1756,3984225e4458525b,True,1.0,1.0,0.7873790257429465,1.0,1.0,1.0,0.9114079273928944
1757,5691c7c24fdd5e16,True,1.0,1.0,1.0,1.0,1.0,1.0,1.0
1758,822d92ab3f13502b,True,1.0,1.0,1.0,1.0,1.0,1.0,1.0
1759,f1d33f8016b153ef,True,1.0,1.0,1.0,1.0,1.0,1.0,1.0
1760,876aec35f98a5280,True,1.0,1.0,1.0,1.0,1.0,1.0,1.0
1761,f3493d3b23cd55c2,True,1.0,1.0,0.8395524058805445,1.0,1.0,1.0,0.9331468357835601
1762,086e4501de295946,True,1.0,1.0,1.0,1.0,1.0,1.0,1.0
1763,fa937665dc4a5d08,True,1.0,1.0,1.0,1.0,1.0,1.0,1.0
1764,1ea920764abe5dcb,True,1.0,1.0,0.8468687766363685,1.0,1.0,1.0,0.9361953235984869
1765,88538f4b41cc5d4a,True,1.0,1.0,1.0,0.0,1.0,1.0,0.5833333333333334
1766,734ef653644c55b9,True,1.0,1.0,0.9732067110596602,0.0,1.0,0.0,0.572169462941525
1767,cd284af1ade75426,True,1.0,1.0,0.797540930351868,1.0,1.0,1.0,0.9156420543132784
1768,dfb6fbca92bb5183,True,1.0,1.0,0.8256379049048419,1.0,1.0,1.0,0.9273491270436841
1769,2497a4b846f25d99,True,1.0,1.0,0.7285253409924735,1.0,1.0,1.0,0.8868855587468639
1770,5f70e91ff9d250f5,True,1.0,1.0,0.824279878750833,1.0,1.0,1.0,0.9267832828128469
1771,ee82b0fc7b2a5208,True,1.0,1.0,0.7043113332936497,1.0,1.0,1.0,0.876796388872354
1772,f79916e26eef5b74,True,1.0,1.0,1.0,1.0,1.0,1.0,1.0
1773,ecce119989c25ae9,True,1.0,1.0,0.8383774087228394,1.0,1.0,1.0,0.9326572536345165
1774,96f6cde1205e5865,True,1.0,1.0,0.7328982628730557,1.0,1.0,1.0,0.8887076095304399
1775,9389ef5de0935e29,True,1.0,1.0,0.6015868554622614,1.0,1.0,1.0,0.8339945231092756
1776,6ffc117437175255,True,1.0,1.0,0.7296228924000556,1.0,1.0,1.0,0.8873428718333565
1777,f40843145ae35cd8,True,1.0,1.0,0.6245534638954869,1.0,1.0,1.0,0.8435639432897862
1778,e8d7197f07635cfb,True,1.0,1.0,1.0,1.0,1.0,1.0,1.0
1779,02f75336f9f55e4f,True,1.0,1.0,0.655181699412964,1.0,1.0,0.5,0.8563257080887349
1780,aa84169dd1f3538d,True,1.0,1.0,1.0,1.0,1.0,1.0,1.0
1781,3aff98e018195468,True,1.0,1.0,0.7827985881601413,1.0,1.0,1.0,0.9094994117333922
1782,e3ef42c62ba2595b,True,1.0,1.0,1.0,1.0,1.0,1.0,1.0
1783,f740386a50c45238,True,1.0,1.0,0.8689016886042149,1.0,1.0,1.0,0.9453757035850895
1784,d42d0a93b7185161,True,1.0,1.0,0.6431483138187599,1.0,1.0,1.0,0.8513117974244833
1785,236914bd075052ca,True,1.0,1.0,0.8087136307409467,1.0,1.0,1.0,0.920297346142061
1786,84aade0568085ba5,True,1.0,1.0,0.9964571569388561,1.0,1.0,1.0,0.9985238153911901
1787,d4187db8dc625207,True,1.0,1.0,0.9275664613374889,1.0,1.0,1.0,0.9698193588906204
1788,6f8c03f8038757cc,True,1.0,1.0,1.0,1.0,1.0,1.0,1.0
1789,684dc9c8167b5189,True,1.0,1.0,0.5518968176349124,1.0,1.0,1.0,0.8132903406812134
1790,0334cae9f1ef56ae,True,1.0,1.0,0.65449467610198,1.0,1.0,1.0,0.856039448375825
1791,8cd3d83dd4825865,True,1.0,1.0,0.8362850005527422,1.0,1.0,1.0,0.9317854168969758
1792,cdc8b2ccd20f5c80,True,1.0,1.0,0.8578010116246637,1.0,1.0,1.0,0.9407504215102765
1793,0d09772186295ff0,True,1.0,1.0,0.9509760847682308,1.0,1.0,1.0,0.9795733686534295
1794,8164612a623156ae,True,1.0,1.0,1.0,1.0,1.0,1.0,1.0
1795,5fed3ec5ed1351c1,True,1.0,1.0,1.0,1.0,1.0,1.0,1.0
1796,6de81a38cd7655dd,True,1.0,1.0,1.0,1.0,1.0,1.0,1.0
1797,a82f1c8ad27d53cc,True,1.0,1.0,0.86364330466498,1.0,1.0,1.0,0.943184710277075
1798,a4bc6340456351af,True,1.0,1.0,1.0,1.0,1.0,1.0,1.0
1799,ec3c0587b1775b7c,True,1.0,1.0,0.7954993452124661,1.0,1.0,1.0,0.9147913938385276
1800,236c1e1f86ec5e98,True,1.0,1.0,0.9676634848418272,1.0,1.0,1.0,0.9865264520174281
1801,e6b7dddf4ae95fea,True,1.0,1.0,0.8988915317977317,1.0,1.0,1.0,0.9578714715823882
1802,6ea198f259b85e49,True,1.0,1.0,1.0,1.0,1.0,1.0,1.0
1803,eb890bda8eb75f6c,True,1.0,1.0,0.8223653645051376,1.0,1.0,1.0,0.9259855685438074
1804,ade646d3c19b5bb0,True,1.0,1.0,1.0,1.0,1.0,0.5,1.0
1805,b637b5849b475a18,True,1.0,1.0,0.7475576929102316,1.0,1.0,1.0,0.8948157053792632
1806,df2b37f4a1b85a4e,True,1.0,1.0,0.8821167804659915,1.0,1.0,1.0,0.9508819918608298
1807,191dc35423a85d10,True,1.0,1.0,0.959298849232006,1.0,1.0,1.0,0.9830411871800026
1808,4024c1a4953e57a7,True,1.0,1.0,1.0,1.0,1.0,1.0,1.0
1809,0dff39153a005f4f,True,1.0,1.0,0.8060724318157588,1.0,1.0,1.0,0.9191968465898995
1810,2d305230053e5e19,True,1.0,1.0,1.0,0.0,1.0,1.0,0.5833333333333334
1811,d9560f4ad686510f,True,1.0,1.0,0.6380134045136187,1.0,1.0,1.0,0.8491722518806745
1812,ff76d319bd9558f9,True,1.0,1.0,1.0,1.0,1.0,1.0,1.0
1813,40d51aff75a85ab9,True,1.0,1.0,0.7278095473661398,1.0,1.0,1.0,0.8865873114025583
1814,ddddd9e7e4925db9,True,1.0,1.0,0.7269935066351794,1.0,1.0,1.0,0.8862472944313247
1815,7f0309b4cbb85029,True,1.0,1.0,0.761481542348979,1.0,1.0,1.0,0.9006173093120746
1816,c30e5bb7e0595851,True,1.0,1.0,0.6655700443948355,1.0,1.0,1.0,0.8606541851645148
1817,1a3c8066b86857b5,True,1.0,1.0,0.9597508450705683,1.0,1.0,1.0,0.9832295187794035
1818,a97ceb2edd0251f9,True,1.0,1.0,0.9814863984062117,1.0,1.0,1.0,0.9922859993359214
1819,7c62648ff8a25812,True,1.0,1.0,0.8492092843426587,1.0,1.0,1.0,0.9371705351427745
1820,8cba6cacb16d5acc,True,1.0,1.0,1.0,1.0,1.0,1.0,1.0
1821,c763328b4b3855b6,True,1.0,1.0,0.9727645786575388,1.0,1.0,1.0,0.9886519077739745
1822,df534bbfbbba5b0c,True,1.0,1.0,1.0,1.0,1.0,1.0,1.0
1823,eadc0f19b54352ae,True,1.0,1.0,0.8198639586278259,1.0,1.0,1.0,0.9249433160949275
1824,07d1a751018a526f,True,1.0,1.0,0.884290246040689,1.0,1.0,1.0,0.9517876025169537
1825,e0b92501aa5051b1,True,1.0,1.0,0.6566859536590465,1.0,1.0,1.0,0.8569524806912693
1826,dac5a6aa183b5e73,True,1.0,0.0,0.0,1.0,1.0,1.0,0.0
1827,e67c2879271350c1,True,1.0,1.0,0.8511389218564116,1.0,1.0,0.0,0.9379745507735048
1828,373abe824b3052a0,True,1.0,1.0,0.9586522363927599,1.0,1.0,1.0,0.98277176516365
1829,c2eecf5cfe46536f,True,1.0,1.0,1.0,1.0,1.0,1.0,1.0
1830,2a5fea3ae25e5cdd,True,1.0,1.0,1.0,1.0,1.0,1.0,1.0
1831,c46b2546f3565375,True,1.0,1.0,0.5926620982370933,1.0,1.0,1.0,0.8302758742654556
1832,6a090fe8d71a5f38,True,1.0,1.0,0.9414955362792115,1.0,1.0,1.0,0.9756231401163381
1833,eba929a6772254e4,True,1.0,1.0,0.5600984033690691,1.0,1.0,1.0,0.8167076680704456
1834,2318ebb3b64554fc,True,1.0,1.0,1.0,1.0,1.0,1.0,1.0
1835,7a3e5ab8218e550f,True,1.0,1.0,1.0,1.0,1.0,1.0,1.0
1836,e3ee2f8d1057557d,True,1.0,1.0,0.773511992346161,1.0,1.0,1.0,0.9056299968109004
1837,02c8da231eb15ed2,True,1.0,1.0,1.0,1.0,1.0,1.0,1.0
1838,f11cf1d1b58454d8,True,1.0,1.0,0.848796148085524,1.0,1.0,1.0,0.936998395035635
1839,1407c7f0f32a5738,True,1.0,1.0,1.0,1.0,1.0,1.0,1.0
1840,9b88dfaff2615c83,True,1.0,1.0,0.7838807867134217,1.0,1.0,1.0,0.9099503277972589
1841,517e199220ca522b,True,1.0,1.0,0.9589156002372599,1.0,1.0,1.0,0.9828815000988582
1842,535e19c081ec5c28,True,1.0,1.0,0.9303096478720021,1.0,1.0,1.0,0.9709623532800009
1843,86feb30b850f5ff2,True,1.0,0.0,0.0,1.0,1.0,1.0,0.0
1844,0ee0c8c2556c506a,True,1.0,1.0,1.0,1.0,1.0,1.0,1.0
1845,3b6fb25a1e725f29,True,1.0,1.0,1.0,1.0,1.0,1.0,1.0
1846,6d72d039fb9a551b,True,1.0,1.0,0.6340776980819267,1.0,1.0,1.0,0.8475323742008029
1847,9d0ff46ac79e5e0b,True,1.0,1.0,0.7886682523785633,1.0,1.0,1.0,0.9119451051577347
1848,bc3d973c3543556c,True,1.0,1.0,0.8170207787705466,1.0,1.0,1.0,0.923758657821061
1849,1dbaa3f0d0345e61,True,1.0,1.0,1.0,1.0,1.0,1.0,1.0
1850,5138bac9ac59508f,True,1.0,1.0,0.6954331764332884,1.0,1.0,1.0,0.8730971568472036
1851,d6396ef1c0c55d33,True,1.0,1.0,0.8469817582634244,1.0,1.0,1.0,0.9362423992764267
1852,8b1aea091a6f5a16,True,1.0,1.0,1.0,1.0,1.0,1.0,1.0
1853,a815da9bf45d5b15,True,1.0,1.0,0.9025879780226214,1.0,1.0,1.0,0.9594116575094255
1854,2752876d0e005d74,True,1.0,1.0,0.917762891182079,1.0,1.0,1.0,0.965734537992533
1855,d9422fc7065e5b62,True,1.0,1.0,0.6310910064360149,1.0,1.0,1.0,0.8462879193483396
1856,a59bd481d324594a,True,1.0,1.0,0.7949991085099989,1.0,1.0,1.0,0.9145829618791662
1857,7021139b47cf5370,True,1.0,1.0,0.8811711739217646,1.0,1.0,1.0,0.9504879891340686
1858,72a43a590e3758f8,True,1.0,1.0,0.6615255113688681,1.0,1.0,1.0,0.8589689630703617
1859,3e41024d080454b5,True,1.0,1.0,1.0,1.0,1.0,1.0,1.0
1860,5022f5d01ba85e74,True,1.0,1.0,0.6522463622789254,1.0,1.0,1.0,0.8551026509495522
1861,2cde4f39412a556d,True,1.0,1.0,0.8948155190428082,1.0,1.0,1.0,0.9561731329345035
1862,c93a302d2fb2508f,True,1.0,1.0,0.7278226918246372,1.0,1.0,1.0,0.8865927882602654
1863,e1e4395724c05092,True,1.0,1.0,0.8511877969205583,1.0,1.0,1.0,0.937994915383566
1864,37b96c1d86665204,True,1.0,1.0,0.8126740931848748,1.0,1.0,1.0,0.9219475388270312
1865,29a576f5351a5162,True,1.0,1.0,0.7421743761205877,1.0,1.0,1.0,0.8925726567169114
1866,190c8d0cece45af1,True,1.0,1.0,1.0,1.0,1.0,1.0,1.0
1867,6c08755130155f96,True,1.0,1.0,1.0,1.0,1.0,1.0,1.0
1868,9157afe90f035621,True,1.0,1.0,1.0,1.0,1.0,1.0,1.0
1869,c2ce362b9cf95fee,True,1.0,1.0,0.7614640912137748,1.0,1.0,1.0,0.9006100380057395
1870,e668948b1c0f5b82,True,1.0,1.0,1.0,1.0,1.0,1.0,1.0
1871,3cf6bf2e7992584c,True,1.0,1.0,1.0,1.0,1.0,1.0,1.0
1872,a19a3d9b712751f6,True,1.0,1.0,0.813371101169223,1.0,1.0,1.0,0.9222379588205095
1873,774006a654915196,True,1.0,1.0,0.7606396161563783,1.0,1.0,1.0,0.9002665067318243
1874,c75331b9d30957a1,True,1.0,1.0,0.8598611703581944,1.0,1.0,1.0,0.941608820982581
1875,32648fe3eaa45ed1,True,1.0,1.0,0.9101617427250833,1.0,1.0,1.0,0.962567392802118
1876,132ea05c88d355ca,True,1.0,1.0,0.8092420783151658,1.0,1.0,1.0,0.9205175326313192
1877,8436ac812af859df,True,1.0,1.0,1.0,1.0,1.0,1.0,1.0
1878,57730912486a5853,True,1.0,1.0,0.8564907892685953,1.0,1.0,1.0,0.9402044955285813
1879,26af85cbc2d15e05,True,1.0,1.0,0.9838102159720713,1.0,1.0,1.0,0.9932542566550296
1880,2abac20522fb5014,True,1.0,1.0,0.9783789868846643,1.0,1.0,1.0,0.9909912445352768
1881,260c9a75f6e05785,True,1.0,1.0,1.0,1.0,1.0,1.0,1.0
1882,40688677dc5e5d16,True,1.0,1.0,0.6011805921069875,1.0,1.0,1.0,0.8338252467112448
1883,adb5cfe871c55445,True,1.0,1.0,1.0,1.0,1.0,1.0,1.0
1884,c4cb19209497505a,True,1.0,1.0,1.0,1.0,1.0,1.0,1.0
1885,68188bae28595f7c,True,1.0,1.0,1.0,1.0,1.0,1.0,1.0
1886,313756e5fc655c0e,True,1.0,1.0,1.0,0.0,1.0,1.0,0.5833333333333334
1887,19b1cc462216591a,True,1.0,1.0,0.931148983371029,1.0,1.0,1.0,0.9713120764045954
1888,4ac092ec1bee5e7a,True,1.0,1.0,1.0,1.0,1.0,1.0,1.0
1889,4b04d67c77455726,True,1.0,1.0,1.0,1.0,1.0,1.0,1.0
1890,b5bdef8a05605164,True,1.0,1.0,0.8291145301748323,0.0,1.0,1.0,0.5121310542395134
1891,927aa2c8ef7d5b5c,True,1.0,1.0,1.0,1.0,1.0,1.0,1.0
1892,35b810aad36b553a,True,1.0,0.0,0.0,1.0,1.0,1.0,0.0
1893,7fcd3691c57b5f49,True,1.0,1.0,0.8895520758649366,1.0,1.0,1.0,0.9539800316103902
1894,15b25b99cf2d5965,True,1.0,1.0,1.0,1.0,1.0,1.0,1.0
1895,9933a1df50ff5919,True,1.0,1.0,1.0,1.0,1.0,1.0,1.0
1896,b4c9294d8e3952b8,True,1.0,1.0,1.0,1.0,1.0,1.0,1.0
1897,2bce4431c5da5d1f,True,1.0,1.0,1.0,1.0,1.0,1.0,1.0
1898,2833a305300f5394,True,1.0,1.0,1.0,1.0,1.0,1.0,1.0
1899,1fc5ab19306f5a47,True,1.0,1.0,0.822466340981407,1.0,1.0,1.0,0.9260276420755863
1900,b4afab5329e95368,True,1.0,1.0,0.9300415276774707,1.0,1.0,1.0,0.9708506365322794
1901,a9af1e73c9575428,True,1.0,0.0,0.0,1.0,1.0,1.0,0.0
1902,c84475f2d8475f9d,True,1.0,1.0,0.89168925950057,1.0,1.0,1.0,0.9548705247919042
1903,f9f97f2e6d435822,True,1.0,1.0,0.8191430046954712,1.0,1.0,1.0,0.9246429186231131
1904,0ba42ee3c2555502,True,1.0,1.0,0.7719371123942141,1.0,1.0,1.0,0.9049737968309226
1905,b2c0a19be09f5b76,True,1.0,1.0,0.7807048054987858,1.0,1.0,1.0,0.9086270022911608
1906,8396adcdedb55337,True,1.0,1.0,0.732746330206427,1.0,1.0,1.0,0.8886443042526779
1907,2805fe41d7d9543a,True,1.0,1.0,0.7206269158609496,1.0,1.0,1.0,0.8835945482753956
1908,3a76a6ab17535552,True,1.0,1.0,0.9151845780187964,1.0,1.0,1.0,0.9646602408411651
1909,cc8b8b4ae726592a,True,1.0,1.0,1.0,1.0,1.0,1.0,1.0
1910,61d8eb4fd2395520,True,1.0,1.0,0.6918415048515976,1.0,1.0,1.0,0.871600627021499
1911,f1f463892f3d5bb7,True,1.0,0.0,0.0,1.0,1.0,1.0,0.0
1912,f3738f5be59d5d10,True,1.0,1.0,1.0,1.0,1.0,1.0,1.0
1913,5ab14dca42a058d9,True,1.0,1.0,0.8787822603464556,1.0,1.0,1.0,0.9494926084776898
1914,ad0beea498f15978,True,1.0,1.0,0.7623680463387237,1.0,1.0,1.0,0.9009866859744683
1915,38d08753fa4651c2,True,1.0,1.0,1.0,1.0,1.0,1.0,1.0
1916,f3532c4c4ad95b27,True,1.0,1.0,0.9730192891391877,1.0,1.0,1.0,0.9887580371413281
1917,a0b9c3ee286454cb,True,1.0,1.0,0.9633441286064313,1.0,1.0,1.0,0.9847267202526796
1918,7cdcc814be255d9f,True,1.0,1.0,0.9802247061655853,1.0,1.0,1.0,0.9917602942356606
1919,4ad7866306895cca,True,1.0,1.0,0.606417000253459,1.0,1.0,1.0,0.8360070834389411
1920,230ab732c0d65fb3,True,1.0,1.0,1.0,1.0,1.0,1.0,1.0
1921,a90317c305c3505a,True,1.0,1.0,0.8543452862175631,1.0,1.0,1.0,0.9393105359239846
1922,1218b6a218b750d8,True,1.0,1.0,1.0,1.0,1.0,1.0,1.0
1923,5a4811a0bde955b3,True,1.0,1.0,0.8176701491386692,1.0,1.0,1.0,0.9240292288077789
1924,330166def5a35f4d,True,1.0,1.0,1.0,0.0,1.0,1.0,0.5833333333333334
1925,564bb94f846e5fe1,True,1.0,1.0,0.57280128325435,1.0,1.0,1.0,0.8220005346893124
1926,159ec1accaf55d3f,True,1.0,1.0,1.0,1.0,1.0,1.0,1.0
1927,482989b8df6550b5,True,1.0,1.0,1.0,1.0,1.0,1.0,1.0
1928,bdb32e2af06e5bc9,True,1.0,1.0,0.9256590446392127,1.0,1.0,1.0,0.9690246019330052
1929,a66477a84cc05f05,True,1.0,1.0,1.0,1.0,1.0,1.0,1.0
1930,6d088615a8c05649,True,1.0,1.0,0.706150510051804,1.0,1.0,1.0,0.877562712521585
1931,ae73a52a1a5d54ac,True,1.0,1.0,1.0,1.0,1.0,1.0,1.0
1932,9aadb4c8a77d5849,True,1.0,1.0,0.9111510637407776,1.0,1.0,1.0,0.9629796098919906
1933,9897a102ee075dee,True,1.0,1.0,0.7926289818633808,1.0,1.0,1.0,0.913595409109742
1934,7ce6c5c094c55055,True,1.0,1.0,0.7508299304841238,1.0,1.0,1.0,0.8961791377017182
1935,d54e58ba5e575ac0,True,1.0,1.0,1.0,1.0,1.0,1.0,1.0
1936,1677503060a95d4a,True,1.0,1.0,0.8021461025730053,1.0,1.0,1.0,0.9175608760720856
1937,58b0a1db2a145780,True,1.0,0.0,0.0,1.0,1.0,1.0,0.0
1938,9f309ebf66645913,True,1.0,1.0,0.8851340205177067,1.0,1.0,1.0,0.9521391752157111
1939,4bc95052d6d8547e,True,1.0,1.0,0.8131818811270133,1.0,1.0,1.0,0.9221591171362555
1940,41c7edfd989451cf,True,1.0,1.0,1.0,1.0,1.0,1.0,1.0
1941,75f9d978b4d757a2,True,1.0,1.0,0.7834863984247744,1.0,1.0,1.0,0.909785999343656
1942,bb6cb09beb1e5e3f,True,1.0,1.0,1.0,0.0,1.0,1.0,0.5833333333333334
1943,7f1f382094685881,True,1.0,1.0,0.8962652669393728,1.0,1.0,1.0,0.956777194558072
1944,21ce6f815188587a,True,1.0,1.0,0.7192002949685662,1.0,1.0,1.0,0.8830001229035692
1945,22a3a112a0485c4c,True,1.0,1.0,1.0,1.0,1.0,1.0,1.0
1946,bf0a29ccead65750,True,1.0,1.0,0.7829704311682946,1.0,1.0,1.0,0.9095710129867894
1947,90314b74c92954d6,True,1.0,1.0,0.8210438105916442,1.0,1.0,0.0,0.9254349210798517
1948,aacc2ed7ba2859c5,True,1.0,1.0,0.7284761709186708,1.0,1.0,1.0,0.8868650712161128
1949,8c2841e7cecf5047,True,1.0,1.0,0.866534208193514,1.0,1.0,1.0,0.9443892534139642
1950,48762908e4705b55,True,1.0,1.0,0.8171719275998924,1.0,1.0,1.0,0.9238216364999552
1951,7bbb4260e163517f,True,1.0,1.0,0.8351469722361144,1.0,1.0,0.5,0.9313112384317144
1952,d243aa8117495932,True,1.0,1.0,1.0,1.0,1.0,1.0,1.0
1953,ccfe1da323ed53a9,True,1.0,1.0,0.7275355746109923,1.0,1.0,1.0,0.8864731560879134
1954,8872d388cf435f07,True,1.0,1.0,1.0,1.0,1.0,1.0,1.0
1955,78beb0eba954535e,True,1.0,1.0,1.0,1.0,1.0,1.0,1.0
1956,54bf100910bc5b10,True,1.0,1.0,0.9689504786071762,1.0,1.0,1.0,0.9870626994196567
1957,f9bd532e790f53ea,True,1.0,1.0,0.6312458241884386,1.0,1.0,1.0,0.8463524267451827
1958,abba9d81ee9054ec,True,1.0,1.0,0.9228027641836283,1.0,1.0,1.0,0.9678344850765118
1959,a2ed8d7503b85e2d,True,1.0,1.0,0.8941804906601437,1.0,1.0,1.0,0.9559085377750599
1960,276396e455bb57b5,True,1.0,1.0,0.6298110975674269,1.0,1.0,1.0,0.8457546239864279
1961,b0598da891205aa3,True,1.0,1.0,0.7237926926013336,1.0,1.0,1.0,0.8849136219172223
1962,619d1afc63c35621,True,1.0,0.0,0.0,1.0,1.0,1.0,0.0
1963,0af3e039185d57f3,True,1.0,1.0,1.0,1.0,1.0,1.0,1.0
1964,3ae409424da65443,True,1.0,1.0,1.0,1.0,1.0,1.0,1.0
1965,70322003ab525a2e,True,1.0,1.0,1.0,1.0,1.0,1.0,1.0
1966,fd30fae9e4f35fa8,True,1.0,1.0,0.6435555988349231,1.0,1.0,1.0,0.8514814995145512
1967,b4f6a0719d2a5670,True,1.0,1.0,0.8753670549564178,1.0,1.0,1.0,0.9480696062318407
1968,2c439b29049252a7,True,1.0,1.0,1.0,1.0,1.0,1.0,1.0
1969,116aacf9868e5e4e,True,1.0,1.0,0.9108187923627675,1.0,1.0,1.0,0.9628411634844865
1970,071b435a4f4057e0,True,1.0,1.0,0.8772200955290897,1.0,1.0,1.0,0.9488417064704541
1971,8635c0dd984c51f3,True,1.0,1.0,1.0,1.0,1.0,1.0,1.0
1972,9360bfdb65d153cd,True,1.0,1.0,0.8465289479534643,1.0,1.0,1.0,0.9360537283139435
1973,4faa4706a50958e2,True,1.0,1.0,0.6169240549608985,1.0,1.0,1.0,0.8403850229003744
1974,31ac916bb888562a,True,1.0,1.0,0.7103876724846632,1.0,1.0,1.0,0.8793281968686096
1975,1a3569d56fbf5521,True,1.0,1.0,0.6826881561367891,1.0,1.0,1.0,0.8677867317236622
1976,6828c3caaaca56e1,True,1.0,1.0,0.8909378728595263,1.0,1.0,1.0,0.9545574470248027
1977,2a04d84433e6576f,True,1.0,1.0,0.9148860902524134,1.0,1.0,1.0,0.9645358709385056
1978,bfb373d958725fc8,True,1.0,1.0,1.0,1.0,1.0,1.0,1.0
1979,607fd9c5903d5376,True,1.0,1.0,0.920637891801565,1.0,1.0,1.0,0.9669324549173188
1980,d20659149c14557c,True,1.0,1.0,1.0,0.0,1.0,1.0,0.5833333333333334
1981,ab51ce190cca5673,True,1.0,1.0,0.776509676566753,1.0,1.0,1.0,0.9068790319028137
1982,b1bcfdce40d5572e,True,1.0,1.0,0.7502852628836275,1.0,1.0,0.5,0.8959521928681782
1983,d9435ec2640f586f,True,1.0,1.0,0.9418986094792723,1.0,1.0,1.0,0.9757910872830301
1984,6477d5ad590955ba,True,1.0,1.0,0.979041662032009,1.0,1.0,1.0,0.9912673591800037
1985,2cc421e9b3fd5c17,True,1.0,1.0,0.947299450520341,1.0,1.0,1.0,0.9780414377168087
1986,f419cea88ed9500b,True,1.0,1.0,0.8292110872035711,1.0,1.0,1.0,0.928837953001488
1987,82e565141eb55f88,True,1.0,1.0,0.99254085821124,1.0,1.0,1.0,0.9968920242546834
1988,5085749584aa5377,True,1.0,1.0,0.5826339581726673,1.0,1.0,1.0,0.8260974825719446
1989,785a51e5263b5bec,True,1.0,1.0,0.8359863219754992,1.0,1.0,1.0,0.9316609674897913
1990,bc2fe3314b345c63,True,1.0,1.0,0.9583361747711062,1.0,1.0,1.0,0.9826400728212943
1991,0a8c2aac609d5a04,True,1.0,1.0,0.747754055527262,1.0,1.0,1.0,0.8948975231363591
1992,610271d0c1515c8c,True,1.0,1.0,0.777521114351553,1.0,1.0,1.0,0.9073004643131471
1993,eabdad9a669b5739,True,1.0,1.0,1.0,1.0,1.0,1.0,1.0
1994,e7c778d603885f57,True,1.0,1.0,0.6545672287937156,1.0,1.0,1.0,0.8560696786640483
1995,e59a5171c33c5af9,True,0.0,1.0,0.0,0.0,1.0,1.0,0.0
1996,1cffb22700735548,True,1.0,1.0,1.0,1.0,1.0,1.0,1.0
1997,9fb8affb5c295640,True,1.0,1.0,0.273399137156049,1.0,0.0,1.0,0.5305829738150204
1998,94ae12c4703950be,True,1.0,1.0,0.8239890109865062,1.0,1.0,1.0,0.9266620879110442
1999,5624b4732b135079,True,1.0,1.0,0.7513758583076904,1.0,1.0,1.0,0.8964066076282043
2000,f8d3738f77c05163,True,1.0,1.0,0.8844186106930985,1.0,1.0,1.0,0.951841087788791
2001,9300251ea784552f,True,1.0,1.0,0.8092735348768839,1.0,1.0,1.0,0.9205306395320351
2002,9406203fdb815e58,True,1.0,1.0,0.7814852729338908,1.0,1.0,1.0,0.9089521970557879
2003,b677a8a95c395ad2,True,1.0,1.0,0.8429192517272008,1.0,1.0,1.0,0.934549688219667
2004,1b0f2e4276945f9a,True,1.0,1.0,1.0,1.0,1.0,1.0,1.0
2005,09d424ddf3a558b3,True,0.5,0.0,0.0,0.0,1.0,1.0,0.0
2006,1801a3d3fffc57f5,True,1.0,1.0,0.739763551452911,1.0,1.0,1.0,0.891568146438713
2007,b8104b69b2d9509b,True,1.0,1.0,0.7278240384070901,1.0,1.0,1.0,0.8865933493362875
2008,6ec2148215205936,True,1.0,1.0,0.5157942823416101,1.0,1.0,1.0,0.7982476176423375
2009,a1ff2db262ab5db7,True,1.0,1.0,0.9408881563590743,1.0,1.0,1.0,0.9753700651496143
2010,a30baeb5294658b3,True,1.0,1.0,0.8357007987415477,1.0,1.0,1.0,0.931541999475645
2011,36be99da12575896,True,1.0,0.0,0.0,1.0,1.0,1.0,0.0
2012,8b1d45137881582a,True,1.0,1.0,0.5693089934962913,1.0,1.0,1.0,0.820545413956788
2013,126fd1a0d1675f57,True,1.0,1.0,0.7458608449669717,1.0,1.0,1.0,0.8941086854029049
2014,5af27ca0b8135d9d,True,1.0,1.0,0.8851110751986443,1.0,1.0,1.0,0.9521296146661018
2015,3af1019a97d959fa,True,1.0,1.0,1.0,1.0,1.0,1.0,1.0
2016,f3c6560a01e55c94,True,1.0,1.0,1.0,1.0,1.0,1.0,1.0
2017,b2abc819ebf45c11,True,1.0,1.0,0.8096054461708689,1.0,1.0,1.0,0.9206689359045287
2018,50ab222cd07b5bcd,True,0.0,1.0,0.0,0.0,1.0,1.0,0.0
2019,7755fb23f28f5b2f,True,1.0,1.0,0.8234201012252481,1.0,1.0,1.0,0.9264250421771867
2020,b318cf82212f5443,True,1.0,1.0,0.6717595043396813,1.0,1.0,1.0,0.8632331268082005
2021,2836705e16ba5691,True,1.0,1.0,0.9346338952907154,1.0,1.0,1.0,0.972764123037798
2022,57fa478b9b1e5de3,True,1.0,1.0,1.0,1.0,1.0,1.0,1.0
2023,3ce72ef7e80855e2,True,1.0,1.0,0.8783094750148897,1.0,1.0,1.0,0.9492956145895374
2024,07a369a8e34d541e,True,1.0,1.0,1.0,1.0,1.0,1.0,1.0
2025,06753f6c597f512b,True,1.0,1.0,1.0,1.0,1.0,1.0,1.0
2026,f5cf721a02df5ba1,True,1.0,1.0,0.826547355393256,1.0,1.0,1.0,0.9277280647471899
2027,85c0017516e95fdc,True,1.0,1.0,0.8698289015137477,1.0,1.0,1.0,0.9457620422973948
2028,7c75567759e15900,True,1.0,1.0,1.0,1.0,1.0,1.0,1.0
2029,89df824d0cfd525e,True,1.0,1.0,0.7169843267767398,1.0,1.0,1.0,0.8820768028236415
2030,358d973661955d68,True,1.0,1.0,1.0,1.0,1.0,1.0,1.0
2031,a2ef4eeb9dd45505,True,1.0,1.0,0.928297587984265,1.0,1.0,1.0,0.9701239949934437
2032,e2ae05340dba502d,True,1.0,1.0,0.5247079726449535,1.0,1.0,1.0,0.8019616552687306
2033,e0e85d4fc9545225,True,1.0,1.0,0.6101324861439319,1.0,1.0,1.0,0.8375552025599716
2034,afe269451bc757e1,True,1.0,1.0,0.5954659989257637,1.0,1.0,1.0,0.8314441662190681
2035,a5b6e054384c586c,True,1.0,1.0,0.5248367898940005,1.0,1.0,1.0,0.8020153291225002
2036,f790e64181a15f5a,True,1.0,1.0,1.0,1.0,1.0,1.0,1.0
2037,df020b6bdc1b59c0,True,1.0,1.0,1.0,1.0,1.0,1.0,1.0
2038,25aab48e050659be,True,1.0,1.0,0.8345679970869592,1.0,1.0,1.0,0.9310699987862329
2039,3623f8c74e7a5d1d,True,1.0,1.0,1.0,1.0,1.0,1.0,1.0
2040,13c555e68671524f,True,1.0,0.0,0.0,1.0,1.0,1.0,0.0
2041,8af2a66435ea565a,True,1.0,1.0,0.9403295621346954,1.0,1.0,1.0,0.9751373175561232
2042,72720a5350e75184,True,1.0,1.0,0.91060295996021,1.0,1.0,1.0,0.9627512333167543
2043,bc73190196b358f6,True,1.0,1.0,1.0,1.0,1.0,1.0,1.0
2044,3d34ef81b357566e,True,1.0,1.0,1.0,1.0,1.0,1.0,1.0
2045,19a595ad0fe35941,True,0.0,1.0,0.0,0.0,1.0,0.5,0.0
2046,b5b7e0338624532b,True,1.0,1.0,1.0,1.0,1.0,1.0,1.0
2047,ed77d7ff214f53aa,True,1.0,1.0,0.9393087938221621,1.0,1.0,1.0,0.9747119974259008
2048,6ed328b05b54553e,True,1.0,1.0,0.677756117397391,1.0,1.0,1.0,0.8657317155822462
2049,70428e7a613e55cc,True,1.0,1.0,0.9542462398919023,1.0,1.0,1.0,0.9809359332882925
2050,4e1193a7697853ba,True,1.0,1.0,0.8507798639679566,1.0,1.0,1.0,0.9378249433199818
2051,a58d5374dae0552a,True,1.0,1.0,0.7626072909355873,1.0,1.0,1.0,0.9010863712231614
2052,3f5c9cc5b40a5ff5,True,1.0,1.0,0.7744280480171094,1.0,1.0,1.0,0.9060116866737955
2053,8b06db3e6e4355d3,True,1.0,1.0,1.0,1.0,1.0,1.0,1.0
2054,fe9e76e6cac35fba,True,1.0,1.0,1.0,1.0,1.0,1.0,1.0
2055,10b9d1b254f35a74,True,1.0,1.0,0.6250508181535686,1.0,1.0,1.0,0.8437711742306536
2056,55a8886514eb5c1b,True,1.0,1.0,1.0,1.0,1.0,1.0,1.0
2057,1d538fa6a8825de1,True,1.0,1.0,1.0,1.0,1.0,1.0,1.0
2058,1fc3acd944ba540e,True,1.0,1.0,0.8682544016461492,1.0,1.0,1.0,0.9451060006858955
2059,09cd7b3746d65a79,True,1.0,1.0,0.9955854414545111,1.0,1.0,1.0,0.9981606006060463
2060,c9614cfb18a953ae,True,1.0,1.0,1.0,1.0,1.0,1.0,1.0
2061,56587c89d25856b7,True,1.0,0.0,0.0,1.0,1.0,0.0,0.0
2062,7fa739c174a55eaa,True,1.0,1.0,0.8044187932156284,1.0,1.0,1.0,0.9185078305065119
2063,5004df3161065742,True,1.0,1.0,0.6836167840510059,1.0,1.0,1.0,0.8681736600212524
2064,b2e27f20100b54ba,True,1.0,1.0,0.7013862701626583,1.0,1.0,1.0,0.8755776125677742
2065,3e7237c8a7815648,True,1.0,1.0,1.0,1.0,1.0,1.0,1.0
2066,66f8bdd077ff5fc3,True,1.0,1.0,0.9380564243885948,1.0,1.0,1.0,0.9741901768285812
2067,67d74f48ba2a548e,True,1.0,1.0,0.9440255695528939,1.0,1.0,1.0,0.9766773206470392
2068,430589fe41235469,True,1.0,1.0,0.7123222091045119,1.0,1.0,1.0,0.8801342537935466
2069,b4aa2f58df795a92,True,1.0,1.0,0.8033036558232639,1.0,1.0,1.0,0.9180431899263599
2070,1bf4bffb864f5379,True,1.0,1.0,1.0,1.0,1.0,1.0,1.0
2071,23f357c023c2584f,True,1.0,1.0,0.7097164630896498,1.0,1.0,1.0,0.8790485262873541
2072,8781cde1032354cb,True,1.0,1.0,1.0,1.0,1.0,1.0,1.0
2073,3d86e3fc3499578f,True,1.0,1.0,1.0,1.0,1.0,1.0,1.0
2074,93ff1c769e6f5507,True,1.0,1.0,0.8799950569297268,1.0,1.0,1.0,0.949997940387386
2075,27b5c3ce868856a2,True,1.0,1.0,0.8978852682310381,1.0,1.0,1.0,0.9574521950962659
2076,396c599d06e65f68,True,1.0,1.0,0.827508983974541,1.0,1.0,1.0,0.9281287433227255
2077,2f9c4ea0c97450c6,True,1.0,1.0,1.0,1.0,1.0,1.0,1.0
2078,be33fb4e1b435f1d,True,1.0,1.0,0.8850188490829534,1.0,1.0,1.0,0.9520911871178973
2079,5fde0c8c8f4b5ecb,True,1.0,1.0,0.7107030408727416,1.0,1.0,1.0,0.8794596003636425
2080,953b60711663549b,True,1.0,1.0,0.8508661762379975,1.0,1.0,1.0,0.9378609067658323
2081,8b93118c77d25b5d,True,1.0,1.0,1.0,1.0,0.0,1.0,0.8333333333333334
2082,6387e5c4dd2f5e2a,True,1.0,1.0,0.7656418810633097,1.0,1.0,1.0,0.9023507837763791
2083,56b80cb2ca2c5983,True,1.0,1.0,0.5956826360077826,1.0,1.0,1.0,0.8315344316699095
2084,8704f4971e305ed3,True,1.0,1.0,1.0,1.0,1.0,1.0,1.0
2085,d66904f908405550,True,1.0,1.0,1.0,1.0,1.0,1.0,1.0
2086,b3f47592bf415aa3,True,1.0,1.0,0.7882115736768093,1.0,1.0,1.0,0.9117548223653372
2087,5a90354cbaa45cc2,True,1.0,1.0,0.7683440817268995,1.0,1.0,1.0,0.9034767007195414
2088,4127ff2cfd615955,True,1.0,1.0,0.8798602828371674,1.0,1.0,1.0,0.9499417845154864
2089,a1e8639c17ac5089,True,1.0,1.0,1.0,1.0,1.0,1.0,1.0
2090,a2e2a360029f508f,True,1.0,1.0,0.8597409122500199,1.0,1.0,1.0,0.9415587134375083
2091,0e08da5fbc735956,True,1.0,1.0,0.6514879571684739,1.0,1.0,1.0,0.8547866488201974
2092,19f8a93df08452b5,True,1.0,1.0,0.7136016881195623,1.0,1.0,1.0,0.8806673700498177
2093,9c100482944751b3,True,1.0,1.0,0.9083710197861441,1.0,1.0,1.0,0.9618212582442268
2094,fac7dc214370509e,True,1.0,1.0,0.625845320730515,1.0,1.0,1.0,0.844102216971048
2095,8a43e10749585b21,True,1.0,1.0,0.6311720449674684,1.0,1.0,1.0,0.8463216854031118
2096,0d7d0361dc665d25,True,1.0,1.0,1.0,1.0,1.0,1.0,1.0
2097,66a924c7d02159cf,True,1.0,1.0,0.7037152598296176,1.0,1.0,1.0,0.8765480249290073
2098,002672a228395a16,True,1.0,1.0,1.0,1.0,1.0,1.0,1.0
2099,353988b87d995f68,True,1.0,1.0,0.8245190604121735,1.0,1.0,1.0,0.9268829418384056
2100,fccef3d0f5cc5d8e,True,1.0,1.0,1.0,1.0,1.0,1.0,1.0
2101,615329a491785c3a,True,1.0,1.0,1.0,1.0,1.0,1.0,1.0
2102,516c42e0454456b6,True,1.0,1.0,0.965446421384633,1.0,1.0,1.0,0.9856026755769305
2103,95329718628e5f7f,True,1.0,1.0,0.8905359955537714,1.0,1.0,1.0,0.9543899981474047
2104,ddc904ff3be05595,True,1.0,1.0,0.8958644735085101,1.0,1.0,1.0,0.9566101972952126
2105,d6fc32608ecc581c,True,1.0,1.0,0.7855447001156606,1.0,1.0,1.0,0.9106436250481919
2106,4064f2ec7a2f56ef,True,1.0,1.0,1.0,1.0,1.0,1.0,1.0
2107,768ae2e06b1e5d90,True,1.0,1.0,0.8585369238708446,1.0,1.0,1.0,0.9410570516128519
2108,42b4245406ee5ab8,True,1.0,1.0,0.9404088439237729,1.0,1.0,1.0,0.9751703516349054
2109,6dfba05513f05909,True,1.0,1.0,0.6443321750454559,1.0,1.0,1.0,0.8518050729356066
2110,dff44219172a5f99,True,1.0,1.0,0.6128625726954806,1.0,1.0,1.0,0.8386927386231169
2111,d22135cc2a13514f,True,1.0,1.0,0.988164580094932,1.0,1.0,1.0,0.995068575039555
2112,79596c3c8ac45e5e,True,1.0,1.0,1.0,1.0,1.0,1.0,1.0
2113,82b415fbbc725562,True,1.0,1.0,1.0,1.0,1.0,1.0,1.0
2114,e5bb04b7c6695184,True,1.0,1.0,1.0,1.0,1.0,1.0,1.0
2115,fe71d216396c5ab3,True,1.0,1.0,1.0,1.0,1.0,1.0,1.0
2116,ab6e020759565f9f,True,1.0,1.0,0.768199641660142,1.0,1.0,1.0,0.9034165173583926
2117,0d74b112df715917,True,0.5,0.0,0.0,0.0,1.0,0.0,0.0
2118,1f55063084fd593c,True,1.0,1.0,1.0,1.0,1.0,1.0,1.0
2119,49a747ca28cd5d5f,True,1.0,1.0,0.7341518116389472,1.0,1.0,1.0,0.889229921516228
2120,460c1bc090365d1b,True,1.0,1.0,1.0,1.0,1.0,0.0,1.0
2121,927222aceeaa52bb,True,1.0,0.0,0.0,0.0,1.0,1.0,0.0
2122,5cffd130ff2c510a,True,1.0,0.0,0.0,1.0,1.0,1.0,0.0
2123,1ec907a74cbb54cd,True,1.0,1.0,0.6906362077436852,1.0,1.0,1.0,0.8710984198932022
2124,71ed3e4fcadc5322,True,1.0,1.0,0.8114028650674521,1.0,1.0,1.0,0.9214178604447717
2125,0defa8939c9851ea,True,1.0,1.0,1.0,1.0,1.0,1.0,1.0
2126,7d80c95c24645b06,True,1.0,1.0,1.0,1.0,1.0,1.0,1.0
2127,22642c0ae9605891,True,1.0,1.0,0.9134919096600689,1.0,1.0,1.0,0.9639549623583621
2128,1370cea130165b51,True,1.0,1.0,1.0,1.0,1.0,1.0,1.0
2129,18c781197c445d64,True,1.0,1.0,1.0,1.0,1.0,1.0,1.0
2130,4a7fd1bd37ed5463,True,1.0,1.0,0.7289485926060669,1.0,1.0,1.0,0.8870619135858613
2131,7b281124be57507a,True,1.0,1.0,0.7624913562290819,1.0,1.0,1.0,0.9010380650954509
2132,e367d7a3c3b55302,True,1.0,1.0,1.0,1.0,1.0,1.0,1.0
2133,b8d114f0304d5f87,True,1.0,1.0,1.0,1.0,1.0,1.0,1.0
2134,2bc38f766c8851fa,True,1.0,1.0,0.8728787054311359,1.0,1.0,0.0,0.94703279392964
2135,2631b349e0ce5b83,True,1.0,1.0,0.8704174368262272,1.0,1.0,1.0,0.9460072653442614
2136,a8dacf347a605f0d,True,1.0,1.0,0.8033909846846944,1.0,1.0,1.0,0.9180795769519561
2137,4ac7a80ebf915458,True,1.0,1.0,0.8930377179047988,1.0,1.0,1.0,0.9554323824603328
2138,d2098ab3fc1953b3,True,1.0,1.0,1.0,1.0,1.0,1.0,1.0
2139,e35a803202875fa0,True,1.0,1.0,0.8766623690147033,1.0,1.0,1.0,0.948609320422793
2140,8659bfccd4195fb6,True,1.0,1.0,0.7855253782591579,1.0,1.0,1.0,0.9106355742746491
2141,5380625bddba59a2,True,1.0,1.0,1.0,1.0,1.0,1.0,1.0
2142,b42d7dc2a3975573,True,1.0,0.0,0.0,1.0,1.0,1.0,0.0
2143,095042ae1f985c39,True,1.0,1.0,0.624400177487765,1.0,1.0,1.0,0.8435000739532353
2144,47c92818d9005eea,True,1.0,1.0,1.0,1.0,1.0,1.0,1.0
2145,4a46ef99ddf55b8d,True,1.0,1.0,1.0,1.0,1.0,1.0,1.0
2146,c01c5d45b97154d4,True,1.0,1.0,0.572080360589557,1.0,1.0,1.0,0.8217001502456487
2147,04daf401ec185f96,True,1.0,1.0,1.0,1.0,1.0,1.0,1.0
2148,f1ef98a6ff94525c,True,1.0,1.0,0.9490091673489787,1.0,1.0,1.0,0.9787538197287411
2149,0000548db87959c2,True,1.0,1.0,0.62321707571152,1.0,1.0,1.0,0.8430071148798
2150,f39952caeb2b5014,True,1.0,1.0,1.0,1.0,1.0,1.0,1.0
2151,8792fb68a0b2586a,True,1.0,1.0,0.7535896263553178,1.0,1.0,1.0,0.8973290109813824
2152,28ecaf0359ee5029,True,1.0,1.0,1.0,1.0,1.0,1.0,1.0
2153,0a0d98c22d765e1e,True,1.0,1.0,0.5950762238349656,1.0,1.0,1.0,0.8312817599312355
2154,5e81fdb02c275b17,True,1.0,1.0,0.5472264615596156,1.0,1.0,1.0,0.8113443589831731
2155,3eb063189dd15649,True,1.0,1.0,0.7980394099181141,1.0,1.0,1.0,0.9158497541325475
2156,d577027e9c295bde,True,1.0,1.0,0.877695252423708,0.0,1.0,1.0,0.5323730218432117
2157,134699ce1ce455c4,True,1.0,1.0,0.8885096825016137,1.0,1.0,1.0,0.9535457010423389
2158,1288b2d19d695376,True,1.0,1.0,1.0,1.0,1.0,1.0,1.0
2159,04703c86cf5b5a20,True,1.0,0.0,0.0,1.0,1.0,1.0,0.0
2160,eb5989e21dc35a47,True,1.0,1.0,0.7995557049948459,1.0,1.0,1.0,0.9164815437478525
2161,40280e58e4d45fde,True,1.0,1.0,1.0,1.0,1.0,1.0,1.0
2162,f7a474593242588b,True,1.0,1.0,0.9720790913407814,1.0,1.0,1.0,0.9883662880586589
2163,54fbe498c745542e,True,1.0,1.0,1.0,1.0,1.0,1.0,1.0
2164,3047f87f67555d16,True,1.0,1.0,1.0,1.0,1.0,1.0,1.0
2165,7fc551e4e0375d00,True,1.0,1.0,0.8142450221620966,1.0,1.0,1.0,0.9226020925675402
2166,b27841ee318f5d92,True,1.0,1.0,0.9708235657319367,1.0,1.0,1.0,0.987843152388307
2167,b3de01e79b725ae4,True,1.0,1.0,0.9074341666537918,1.0,1.0,1.0,0.9614309027724133
2168,71dedbc865b25faf,True,1.0,1.0,0.8671707953298037,1.0,1.0,1.0,0.944654498054085
2169,6fee6df4d64b5d9d,True,1.0,1.0,0.9136335663947055,1.0,1.0,1.0,0.964013985997794
2170,3d43337c0e6b5910,True,1.0,1.0,0.7519461290630646,1.0,1.0,1.0,0.8966442204429436
2171,0e0e30877d725664,True,1.0,1.0,0.9160726388377735,1.0,1.0,1.0,0.9650302661824055
2172,f63a2f8e05115d52,True,1.0,1.0,1.0,1.0,1.0,1.0,1.0
2173,c06d7badaabb5a9f,True,1.0,1.0,0.8579807292588275,1.0,1.0,1.0,0.9408253038578448
2174,da365ed766db5a6a,True,1.0,1.0,1.0,1.0,1.0,1.0,1.0
2175,d7f6204c325d53fe,True,1.0,1.0,1.0,0.0,1.0,1.0,0.5833333333333334
2176,6d08dce7cfaa5035,True,1.0,1.0,0.639796316053544,1.0,1.0,1.0,0.8499151316889767
2177,fe0c83d70ca456ae,True,1.0,1.0,0.8793743878552983,1.0,1.0,1.0,0.9497393282730409
2178,2d4b17f8d7585219,True,1.0,1.0,1.0,1.0,1.0,1.0,1.0
2179,208247acd8ca5e2c,True,1.0,1.0,1.0,0.0,1.0,1.0,0.5833333333333334
2180,d24604c7af87524f,True,1.0,1.0,0.8884655594551611,1.0,1.0,1.0,0.9535273164396504
2181,e905f33735985cfe,True,1.0,1.0,1.0,1.0,1.0,1.0,1.0
2182,2b04c510144e5545,True,1.0,1.0,1.0,1.0,1.0,1.0,1.0
2183,db951dbc3e595c29,True,1.0,1.0,0.9398921559601249,1.0,1.0,1.0,0.9749550649833854
2184,342953cadb9f57b2,True,1.0,1.0,0.7489109150622634,1.0,1.0,1.0,0.8953795479426097
2185,4a29aee6f5bd5073,True,1.0,1.0,0.6019157476526491,1.0,1.0,1.0,0.8341315615219371
2186,3ba5c2d842785d59,True,1.0,1.0,0.9123280364850773,1.0,1.0,1.0,0.9634700152021155
2187,72808a9b1e7f5f15,True,1.0,1.0,1.0,1.0,1.0,1.0,1.0
2188,d1065c7c84e054ae,True,1.0,1.0,1.0,1.0,1.0,1.0,1.0
2189,b961186653e45dc2,True,1.0,1.0,0.8563368187324738,1.0,1.0,1.0,0.9401403411385307
2190,847ac59d6cce5bc4,True,1.0,1.0,0.8267270009548993,1.0,1.0,1.0,0.9278029170645414
2191,83b935eff1815935,True,1.0,1.0,0.9128824235383339,1.0,1.0,1.0,0.9637010098076392
2192,9a15d775514e5018,True,1.0,1.0,0.7061193241250765,1.0,1.0,1.0,0.8775497183854485
2193,7f3ebea7b3415f87,True,1.0,1.0,0.8746329302601342,1.0,1.0,1.0,0.9477637209417226
2194,cb7ce9515c495674,True,1.0,1.0,0.766050080191324,1.0,1.0,1.0,0.902520866746385
2195,a6b518a433065727,True,1.0,0.0,0.0,1.0,1.0,1.0,0.0
2196,ab9d0f7542805d20,True,0.0,1.0,0.0,0.0,1.0,1.0,0.0
2197,c41b4666b98e5b92,True,1.0,1.0,1.0,1.0,1.0,1.0,1.0
2198,3c90de2a12a558b2,True,1.0,1.0,0.7418362412462355,1.0,1.0,1.0,0.8924317671859314
2199,32e457e686675618,True,1.0,1.0,0.8857046349978677,1.0,1.0,1.0,0.9523769312491116
2200,238955ab60075940,True,1.0,1.0,0.8295080737858761,1.0,1.0,1.0,0.9289616974107817
2201,ad781cbf672a5485,True,1.0,1.0,0.6902302495629457,1.0,1.0,1.0,0.8709292706512274
2202,92c6df44cf055882,True,1.0,1.0,0.6490881176449634,1.0,1.0,1.0,0.8537867156854014
2203,dbbe5d5671495f13,True,1.0,1.0,0.7584244367782346,1.0,1.0,1.0,0.8993435153242645
2204,077c80ecaed0548f,True,1.0,1.0,0.7131159935388226,1.0,1.0,1.0,0.8804649973078428
2205,cbe7b4e464235ca6,True,1.0,1.0,0.696942183013223,1.0,1.0,1.0,0.8737259095888429
2206,ac28e0768c6a5821,True,1.0,1.0,1.0,1.0,1.0,1.0,1.0
2207,1a5f614c9b815e92,True,1.0,1.0,1.0,1.0,1.0,1.0,1.0
2208,c52f491ebd5b521a,True,1.0,1.0,0.7889635680145809,1.0,1.0,1.0,0.9120681533394087
2209,8179a26d74615228,True,1.0,1.0,0.8981116434410457,1.0,1.0,1.0,0.9575465181004357
2210,64ee149f402a5601,True,1.0,1.0,1.0,1.0,1.0,1.0,1.0
2211,9cb247f1ef445fb9,True,1.0,1.0,0.903872280093406,1.0,1.0,1.0,0.9599467833722525
2212,e516528c577453a7,True,1.0,1.0,1.0,1.0,1.0,1.0,1.0
2213,23b4e574c41a57bd,True,1.0,1.0,0.5818779751983638,1.0,1.0,1.0,0.8257824896659849
2214,2f525b2a3cf35331,True,1.0,1.0,0.9025908245530166,1.0,1.0,1.0,0.959412843563757
2215,9aea5cdc656458a0,True,1.0,1.0,1.0,1.0,1.0,1.0,1.0
2216,5fadffd02da256e5,True,1.0,1.0,0.7814824413414153,1.0,1.0,1.0,0.9089510172255898
2217,f8f02729d1ee5c16,True,1.0,1.0,1.0,1.0,1.0,1.0,1.0
2218,39752b75d70d5458,True,1.0,1.0,1.0,1.0,1.0,1.0,1.0
2219,110bec4c6d2153d7,True,1.0,1.0,0.838172326237512,1.0,1.0,0.5,0.9325718025989632
2220,fc529b3abdc65998,True,1.0,1.0,1.0,1.0,1.0,1.0,1.0
2221,87a5fd24e88d5e0a,True,1.0,1.0,0.790382818039607,1.0,1.0,1.0,0.9126595075165028
2222,0f422a003dab525e,True,1.0,1.0,0.806105363691874,0.0,1.0,1.0,0.5025439015382808
2223,bf4fdfa51e215217,True,1.0,1.0,0.8589372417805734,1.0,1.0,1.0,0.9412238507419056
2224,feb90d2112ec57cf,True,1.0,1.0,0.6564455613835489,1.0,1.0,1.0,0.8568523172431455
2225,f33a23766bcb55a6,True,1.0,1.0,0.5659908077990737,1.0,1.0,1.0,0.8191628365829473
2226,94693a54967757f6,True,1.0,1.0,1.0,1.0,1.0,1.0,1.0
2227,e5e1dbb69578517b,True,1.0,1.0,0.6248385056062187,1.0,1.0,1.0,0.8436827106692578
2228,aa4897ec11395ec8,True,1.0,1.0,0.8859907895779441,1.0,1.0,1.0,0.9524961623241435
2229,b662afef6f935725,True,1.0,1.0,0.5592153381065539,1.0,1.0,1.0,0.8163397242110642
2230,f158576757e95c31,True,1.0,1.0,0.7820387302940744,1.0,1.0,1.0,0.9091828042891977
2231,ab9a263dea175465,True,1.0,1.0,0.7291861802741776,1.0,1.0,1.0,0.8871609084475741
2232,ce09ed938df353d1,True,1.0,1.0,1.0,1.0,1.0,1.0,1.0
2233,2243d4e976fb5b77,True,1.0,1.0,1.0,1.0,1.0,1.0,1.0
2234,ed7a0f74484d58a8,True,1.0,1.0,1.0,1.0,1.0,1.0,1.0
2235,47fae9a1708b5101,True,1.0,1.0,0.9757441066309606,1.0,1.0,1.0,0.9898933777629001
2236,ba9d1824bc8c5e7d,True,1.0,1.0,0.6690154571652192,1.0,1.0,1.0,0.8620897738188414
2237,9464277f29025ad8,True,1.0,1.0,0.8325564794744538,1.0,1.0,1.0,0.9302318664476891
2238,0b232677746253a0,True,1.0,1.0,1.0,1.0,1.0,1.0,1.0
2239,7287189737c85540,True,1.0,0.0,0.0,1.0,1.0,1.0,0.0
2240,7316c116f05d57a5,True,1.0,1.0,0.9009142646051539,1.0,1.0,0.5,0.9587142769188141
2241,fd9b66480e895706,True,1.0,1.0,0.7079900590172313,1.0,1.0,1.0,0.8783291912571798
2242,dd72153f54fa59e7,True,1.0,1.0,1.0,1.0,1.0,1.0,1.0
2243,4a62cc0027965e10,True,1.0,1.0,0.9546661172402113,1.0,1.0,1.0,0.9811108821834215
2244,e22b4bce822a51fb,True,1.0,1.0,1.0,1.0,1.0,1.0,1.0
2245,695beb73604159b7,True,1.0,1.0,1.0,1.0,1.0,1.0,1.0
2246,2818ed317df9550a,True,1.0,1.0,0.8914063079640189,1.0,1.0,1.0,0.9547526283183411
2247,563ef3c44a5a528e,True,1.0,1.0,0.7456140089894038,1.0,1.0,1.0,0.8940058370789182
2248,10779d3fd7815d2f,True,1.0,1.0,0.8077090809972454,1.0,1.0,1.0,0.9198787837488522
2249,31a522ae1ee151bf,True,1.0,1.0,0.8713395132110803,1.0,1.0,1.0,0.9463914638379501
2250,5e74b6a61b715f47,True,0.0,1.0,0.0,0.0,1.0,0.0,0.0
2251,7e2dc290d51f5137,True,1.0,1.0,0.7296038207862685,1.0,1.0,1.0,0.8873349253276119
2252,216d5205e9745145,True,1.0,1.0,0.7449762294524762,1.0,1.0,1.0,0.8937400956051983
2253,e6be0f4d0dc351d0,True,1.0,1.0,1.0,1.0,1.0,1.0,1.0
2254,d3f00196d11c563c,True,1.0,1.0,0.9211347986420519,1.0,1.0,1.0,0.9671394994341883
2255,48e14ad3c65c5156,True,1.0,1.0,0.8815313395658307,1.0,1.0,1.0,0.9506380581524295
2256,6871543e963f5bdf,True,1.0,1.0,0.5432117462294023,1.0,1.0,1.0,0.8096715609289177
2257,5e5b6eaacd3f5bdd,True,1.0,1.0,0.836565644330924,1.0,1.0,1.0,0.9319023518045517
2258,a7fb000f96b35f94,True,1.0,1.0,1.0,1.0,1.0,1.0,1.0
2259,674ebcb39a4d528f,True,1.0,1.0,0.7722045133590922,1.0,1.0,1.0,0.9050852138996218
2260,3266d9113ede5f3c,True,1.0,1.0,0.8477295504839294,1.0,1.0,1.0,0.9365539793683039
2261,4b55193d36c35e4a,True,1.0,1.0,1.0,0.0,1.0,1.0,0.5833333333333334
2262,7f0cb33eb150567e,True,1.0,1.0,1.0,1.0,1.0,1.0,1.0
2263,621a9591a97758b8,True,1.0,1.0,0.6891174606351607,1.0,1.0,1.0,0.8704656085979835
2264,be87511d69ba58e7,True,1.0,1.0,0.9308212698407841,1.0,1.0,1.0,0.9711755291003268
2265,03143ef8f2f65a2f,True,1.0,1.0,0.7447402259890308,1.0,1.0,0.5,0.8936417608287628
2266,b56a66ac853c56e9,True,1.0,1.0,0.622445566529367,1.0,1.0,1.0,0.8426856527205695
2267,b8554777b68750e7,True,1.0,1.0,0.7858832691555301,1.0,1.0,1.0,0.9107846954814708
2268,5209e1f6a97e592a,True,1.0,1.0,0.7604909048835523,1.0,1.0,1.0,0.9002045437014802
2269,059ce9cd10135396,True,1.0,1.0,0.9207495670590209,1.0,1.0,1.0,0.966978986274592
2270,1fb997ffe1de58f8,True,1.0,1.0,0.8119308851705787,1.0,1.0,1.0,0.9216378688210746
2271,7346e23546d15b29,True,1.0,1.0,0.6845507074158554,1.0,1.0,1.0,0.8685627947566065
2272,d852a7b32d6c5448,True,1.0,1.0,0.8030834557731374,1.0,1.0,1.0,0.9179514399054739
2273,9b09b277214d5623,True,1.0,1.0,1.0,1.0,0.0,0.0,0.8333333333333334
2274,aa74d194063c5d0b,True,1.0,1.0,0.6862423320626645,1.0,1.0,1.0,0.8692676383594437
2275,8d62f19202505230,True,1.0,0.0,0.0,1.0,1.0,1.0,0.0
2276,d8d39177bd96593d,True,1.0,1.0,0.784682141574239,1.0,1.0,1.0,0.9102842256559329
2277,f14a3d3672035597,True,1.0,1.0,1.0,1.0,1.0,1.0,1.0
2278,1b88b298d405518e,True,1.0,1.0,0.8809928391145421,1.0,1.0,1.0,0.9504136829643924
2279,ee526f78f4ce5d75,True,1.0,1.0,1.0,1.0,1.0,1.0,1.0
2280,7a90cd45ef505058,True,1.0,1.0,1.0,1.0,1.0,1.0,1.0
2281,34bdecafedff5fdf,True,1.0,1.0,0.8881437379244894,1.0,1.0,1.0,0.9533932241352039
2282,8d8f5c8c6c29525c,True,1.0,1.0,0.8437091338117374,1.0,1.0,1.0,0.9348788057548907
2283,bf5be5d94ffa52f8,True,1.0,1.0,1.0,1.0,1.0,1.0,1.0
2284,765dacfed4925185,True,1.0,1.0,1.0,1.0,1.0,1.0,1.0
2285,cea4eb2a60da5354,True,1.0,1.0,0.9066351410919492,1.0,1.0,1.0,0.9610979754549788
2286,8a2c1d34f9df5213,True,1.0,1.0,1.0,1.0,1.0,1.0,1.0
2287,2189449ddbf65bff,True,1.0,1.0,0.8651092595289034,1.0,1.0,1.0,0.9437955248037099
2288,8dac96b2393f5de9,True,1.0,1.0,0.9132182077423538,1.0,1.0,1.0,0.9638409198926473
2289,8912a46529c059a1,True,1.0,1.0,0.8551555708200478,1.0,1.0,1.0,0.9396481545083533
2290,875f14a6967d5192,True,1.0,1.0,0.9065062767694715,1.0,1.0,1.0,0.9610442819872796
2291,8f1247f8436c5208,True,1.0,1.0,0.8805800228148165,1.0,1.0,1.0,0.9502416761728402
2292,317f5b44a4615e30,True,1.0,1.0,0.9694537405205709,1.0,1.0,1.0,0.9872723918835712
2293,b23be6b0d9765878,True,1.0,1.0,0.8413376817177549,1.0,1.0,1.0,0.9338907007157312
2294,4314c162a57f568e,True,1.0,1.0,0.6414364958792074,1.0,1.0,1.0,0.8505985399496697
2295,906d7e590245576a,True,1.0,1.0,1.0,1.0,1.0,1.0,1.0
2296,7c68734f0453501c,True,1.0,1.0,0.9987133911135159,1.0,1.0,1.0,0.999463912963965
2297,55e018d3bd3d5abc,True,1.0,1.0,0.9428686228711824,1.0,1.0,1.0,0.9761952595296594
2298,7d10959013575b2d,True,1.0,1.0,0.7685332357585167,1.0,1.0,1.0,0.903555514899382
2299,dc95b5731cc359f3,True,1.0,1.0,0.8827228763724335,1.0,1.0,1.0,0.9511345318218473
2300,b5b0ab149f9055db,True,1.0,1.0,0.570918175665565,1.0,1.0,1.0,0.8212159065273187
2301,efcc43b333075098,True,1.0,1.0,0.8785494788373758,1.0,1.0,1.0,0.9493956161822399
2302,35cf51dd13d559c0,True,1.0,1.0,0.9648656122981152,1.0,1.0,1.0,0.9853606717908813
2303,c4fad4d040a75b90,True,1.0,0.0,0.0,1.0,1.0,1.0,0.0
2304,88e453ca4644586f,True,1.0,0.0,0.0,1.0,1.0,1.0,0.0
2305,a22de94be8935752,True,1.0,1.0,0.5639924843666301,1.0,1.0,1.0,0.8183302018194292
2306,5abef8058afa529f,True,1.0,1.0,1.0,1.0,1.0,1.0,1.0
2307,d32f8367252b53b1,True,1.0,1.0,1.0,1.0,1.0,1.0,1.0
2308,3e53e34cb63f5d05,True,1.0,1.0,0.7190705641658744,1.0,1.0,1.0,0.8829460684024477
2309,5806eb348e3250d9,True,1.0,1.0,0.8018727232632417,1.0,1.0,0.5,0.9174469680263506
2310,960d5334ae8f54a5,True,1.0,1.0,1.0,1.0,1.0,1.0,1.0
2311,d94aa4b0e05e5be9,True,1.0,1.0,1.0,1.0,1.0,1.0,1.0
2312,0f31cc38f9f55c9a,True,1.0,1.0,0.8118933072380222,1.0,1.0,1.0,0.921622211349176
2313,cf62911d4c7c541c,True,1.0,1.0,0.8627447908247586,1.0,1.0,1.0,0.9428103295103161
2314,78e8eab14d8e5d65,True,1.0,1.0,0.8840992874757895,1.0,1.0,1.0,0.9517080364482456
2315,ec8a3deaeb1a53ac,True,1.0,1.0,0.7787239461535684,1.0,1.0,1.0,0.9078016442306535
2316,8c554c3017d05e9b,True,1.0,1.0,0.8706513708439887,1.0,1.0,1.0,0.9461047378516619
2317,e80df2a74bfd5a22,True,1.0,1.0,0.9188197180417313,1.0,1.0,1.0,0.966174882517388
2318,722ed88251d25420,True,1.0,1.0,0.8844561534884127,1.0,1.0,1.0,0.9518567306201721
2319,179ca3af622e5e0d,True,1.0,1.0,0.8472078505703525,1.0,1.0,1.0,0.9363366044043135
2320,3debd3d86b5850dd,True,1.0,1.0,1.0,1.0,1.0,1.0,1.0
2321,9b16e4fea2c25446,True,1.0,1.0,0.8925302190862665,1.0,1.0,1.0,0.9552209246192778
2322,026e84581e0f5044,True,1.0,1.0,0.8006787819606139,1.0,1.0,1.0,0.9169494924835891
2323,a8afec520f035a68,True,1.0,1.0,0.8054623593737636,1.0,1.0,1.0,0.9189426497390683
2324,aef33fdade585ab3,True,1.0,1.0,0.9164400116256728,1.0,1.0,1.0,0.9651833381773637
2325,b7784f3cdf6b5991,True,1.0,1.0,0.648839562628125,1.0,1.0,1.0,0.8536831510950521
2326,7b8d8487706f501e,True,1.0,1.0,1.0,0.0,1.0,1.0,0.5833333333333334
2327,842d40cd41cf56e8,True,1.0,1.0,0.7950843455060537,1.0,1.0,1.0,0.914618477294189
2328,7a3e0625f3c751ce,True,1.0,1.0,0.7943516183344939,1.0,1.0,1.0,0.9143131743060392
2329,b0b25b314843551d,True,1.0,1.0,1.0,1.0,1.0,1.0,1.0
2330,3e0511dc69b85b75,True,1.0,1.0,0.8614869378639757,1.0,1.0,1.0,0.9422862241099899
2331,b95ff3bc9cf45e47,True,1.0,1.0,0.7752646319942075,1.0,1.0,1.0,0.9063602633309197
2332,288ea364ec115f46,True,1.0,1.0,1.0,1.0,1.0,1.0,1.0
2333,00185dab0ba153b9,True,1.0,1.0,0.9782167854598323,1.0,1.0,1.0,0.9909236606082633
2334,580b253c853c5ef9,True,1.0,1.0,1.0,1.0,1.0,1.0,1.0
2335,627ed4c9950753e9,True,1.0,1.0,1.0,1.0,1.0,1.0,1.0
2336,f55c530f3875533f,True,1.0,1.0,0.8440383611895259,1.0,1.0,1.0,0.935015983828969
2337,b845e97a49a75cd0,True,1.0,1.0,0.7384576475674447,1.0,1.0,1.0,0.8910240198197686
2338,9243ca15a76e552f,True,1.0,1.0,0.9045997469269125,1.0,1.0,1.0,0.9602498945528802
2339,125839faad9a5f7d,True,1.0,1.0,1.0,1.0,1.0,1.0,1.0
2340,a42cc34c8a985b67,True,1.0,1.0,0.8646827205075928,0.0,1.0,0.5,0.5269511335448304
2341,3ea43d5abad05188,True,1.0,1.0,0.9175615560925608,1.0,1.0,1.0,0.9656506483719003
2342,8fe72476d10c552a,True,1.0,1.0,0.8611159602527059,1.0,1.0,1.0,0.9421316501052942
2343,7caa2336614b5ad3,True,1.0,1.0,0.8838853014587023,1.0,1.0,1.0,0.9516188756077927
2344,166d08e80654527d,True,1.0,1.0,1.0,1.0,1.0,1.0,1.0
2345,faf6d9be89f0538c,True,1.0,1.0,0.8525746729119168,1.0,1.0,1.0,0.9385727803799654
2346,7a1b61727c255889,True,1.0,1.0,0.66801768839744,1.0,1.0,1.0,0.8616740368322667
2347,0f7854f951905e69,True,1.0,1.0,0.5789201411425291,1.0,1.0,1.0,0.824550058809387
2348,699a6c3e2fc4597e,True,1.0,1.0,0.8668286275271925,1.0,1.0,1.0,0.9445119281363302
2349,e699fb1c75b95e57,True,1.0,1.0,0.7993744893608961,1.0,1.0,1.0,0.9164060372337067
2350,10d9d6d0ad405b9d,True,1.0,1.0,0.8729243700678123,1.0,1.0,1.0,0.9470518208615886
2351,8b369f66349d550a,True,1.0,1.0,1.0,1.0,1.0,1.0,1.0
2352,0dc3dee5c8815a90,True,1.0,1.0,1.0,1.0,1.0,1.0,1.0
2353,02d9591fc6de53c8,True,1.0,1.0,0.8599849634323256,1.0,1.0,1.0,0.9416604014301356
2354,ea789512f1be5a47,True,1.0,1.0,1.0,1.0,1.0,1.0,1.0
2355,70e6b8db27e55b53,True,1.0,1.0,1.0,1.0,1.0,1.0,1.0
2356,ae643fddc1195062,True,1.0,1.0,1.0,1.0,1.0,1.0,1.0
2357,97b9989fa3675cab,True,1.0,0.0,0.0,1.0,1.0,1.0,0.0
2358,b77b106f469055bd,True,1.0,1.0,0.8076797685461701,1.0,1.0,1.0,0.9198665702275708
2359,7af63267db5c5415,True,1.0,1.0,0.7737272390210724,1.0,1.0,1.0,0.9057196829254468
2360,019667e138b95ff0,True,1.0,1.0,1.0,1.0,1.0,1.0,1.0
2361,072471bece365f16,True,1.0,1.0,0.8553747681284228,1.0,1.0,1.0,0.9397394867201762
2362,534e6a7d7e8c528b,True,1.0,1.0,1.0,1.0,1.0,1.0,1.0
2363,4f6abcc897955dfd,True,1.0,1.0,1.0,1.0,1.0,0.0,1.0
2364,2e5e4be9579d568d,True,1.0,1.0,0.9005282170383013,1.0,1.0,1.0,0.9585534237659589
2365,1faa29a936cd5277,True,1.0,1.0,0.8230872247806175,1.0,1.0,1.0,0.9262863436585906
2366,949a5f17807b5aac,True,1.0,1.0,0.7328882526052545,1.0,1.0,1.0,0.8887034385855227
2367,777c2c183e49504e,True,1.0,1.0,0.9805296451318537,1.0,1.0,1.0,0.9918873521382724
2368,8898650e43665faf,True,1.0,1.0,0.7050172405304417,1.0,1.0,1.0,0.877090516887684
2369,ac0f18be77bd585c,True,1.0,1.0,0.6641859108384639,1.0,1.0,1.0,0.86007746284936
2370,9c45919236c051c0,True,1.0,1.0,0.610127239157335,1.0,1.0,1.0,0.8375530163155562
2371,69acf2f6a20454a0,True,1.0,1.0,0.6630857683652179,1.0,1.0,1.0,0.8596190701521742
2372,9fe281ced54b55b2,True,1.0,1.0,0.9953478522228055,1.0,1.0,1.0,0.9980616050928356
2373,b191eb9b8de25005,True,1.0,1.0,1.0,1.0,1.0,1.0,1.0
2374,0bcebe354a715163,True,1.0,1.0,0.8462712933974706,1.0,1.0,1.0,0.9359463722489462
2375,45f13336bbd35146,True,1.0,1.0,0.8753744840195371,1.0,1.0,1.0,0.9480727016748071
2376,bb30019d8f645e62,True,1.0,1.0,0.9111083938698596,1.0,1.0,1.0,0.9629618307791082
2377,5444d6dfc06559c3,True,1.0,1.0,1.0,1.0,1.0,1.0,1.0
2378,388391c4b8d45c36,True,1.0,1.0,0.8414597533251635,1.0,1.0,1.0,0.9339415638854849
2379,2d55129330045d3f,True,1.0,1.0,1.0,1.0,1.0,1.0,1.0
2380,755461a5329554de,True,1.0,1.0,0.8641727754322699,1.0,1.0,1.0,0.943405323096779
2381,be3551ae467a579e,True,1.0,1.0,0.8959187230664384,1.0,1.0,1.0,0.9566328012776827
2382,06b2df49f0455bd0,True,1.0,1.0,0.642048206363337,1.0,1.0,1.0,0.8508534193180571
2383,a4f4a240e54e56b2,True,1.0,0.0,0.0,1.0,1.0,1.0,0.0
2384,592f9e4317dd52e2,True,1.0,1.0,0.9663762472589297,1.0,1.0,1.0,0.985990103024554
2385,79d36fbd8d115f06,True,1.0,1.0,0.808718533743022,1.0,1.0,0.0,0.9202993890595925
2386,430f1f445caf5b3e,True,1.0,0.0,0.0,1.0,1.0,1.0,0.0
2387,4dd55e4b78955eca,True,1.0,1.0,0.9919085833735708,1.0,1.0,1.0,0.9966285764056545
2388,e45aa663bd0756d9,True,1.0,1.0,0.7708757775881176,1.0,1.0,1.0,0.9045315739950489
2389,888913e0978f559b,True,1.0,1.0,0.7356127390224946,1.0,1.0,1.0,0.8898386412593727
2390,4a35a95ee57f5572,True,1.0,1.0,1.0,1.0,1.0,1.0,1.0
2391,dc0c3446973f56b3,True,1.0,1.0,1.0,1.0,1.0,1.0,1.0
2392,43ef28a235035eac,True,1.0,1.0,0.6094393777249053,1.0,1.0,1.0,0.8372664073853772
2393,d792515ce4b257a4,True,1.0,1.0,0.8645882583562504,1.0,1.0,1.0,0.943578440981771
2394,b2e0a5dfbb575ce1,True,1.0,1.0,0.7570361083172106,1.0,1.0,1.0,0.898765045132171
2395,8364af67153a5193,True,1.0,1.0,0.9065390986259251,1.0,1.0,1.0,0.9610579577608022
2396,3a161e0999b15823,True,1.0,1.0,0.7662146213184897,1.0,1.0,1.0,0.9025894255493707
2397,31222d2fc6f95e0d,True,1.0,1.0,0.9859412946999886,1.0,1.0,1.0,0.9941422061249953
2398,979fc47b4f245a9c,True,1.0,1.0,1.0,1.0,1.0,1.0,1.0
2399,c5ee24aa8f5059d6,True,1.0,1.0,1.0,1.0,1.0,1.0,1.0
2400,4b58ef9360555bac,True,1.0,1.0,1.0,1.0,1.0,1.0,1.0
2401,5155241fdbbf57b3,True,1.0,1.0,1.0,1.0,1.0,1.0,1.0
2402,ae5377e5ebf65f45,True,1.0,1.0,0.8134551832685236,1.0,1.0,1.0,0.9222729930285515
2403,2b5d551f5466530e,True,1.0,1.0,0.8303003545501652,1.0,1.0,1.0,0.9292918143959022
2404,b934233d0ea6536b,True,1.0,1.0,0.9975710559554684,1.0,1.0,1.0,0.9989879399814452
2405,e6e4e254f1c55405,True,1.0,1.0,0.7415931837463614,1.0,1.0,1.0,0.8923304932276506
2406,1c3c37eeacd15c92,True,1.0,1.0,0.824433905909375,1.0,1.0,1.0,0.9268474607955729
2407,5487bbfde69354cb,True,1.0,1.0,0.7793765584774233,1.0,1.0,1.0,0.9080735660322597
2408,482601c870805c11,True,1.0,1.0,0.9341488508439292,1.0,1.0,1.0,0.9725620211849705
2409,b5f57f5a6b5b5244,True,1.0,1.0,0.5707429108813084,1.0,1.0,1.0,0.8211428795338785
2410,63ab092351905a60,True,1.0,1.0,0.9194607116040276,1.0,1.0,1.0,0.9664419631683449
2411,f72d2f080fe35910,True,1.0,1.0,0.8156154434640205,1.0,1.0,1.0,0.923173101443342
2412,5c55fbcddea45f87,True,1.0,1.0,0.5163883253244312,1.0,1.0,1.0,0.7984951355518465
2413,e4eebb1bdcdf5ae6,True,1.0,1.0,0.9741776277164679,1.0,1.0,1.0,0.9892406782151949
2414,4a4bf6e11a875f33,True,1.0,1.0,0.8922285113416891,1.0,1.0,1.0,0.9550952130590371
2415,5d3fbc3605fb5bb9,True,1.0,1.0,0.9836401829085545,1.0,1.0,1.0,0.9931834095452311
2416,11bf2d4580ab5bc2,True,1.0,1.0,0.9139433806932259,1.0,1.0,1.0,0.9641430752888441
2417,c37a081992495a0e,True,1.0,0.0,0.0,1.0,1.0,1.0,0.0
2418,a28e921b642a5936,True,1.0,1.0,0.7540042342409504,1.0,1.0,1.0,0.8975017642670626
2419,3137903199f35224,True,1.0,1.0,0.6424222978288889,1.0,1.0,1.0,0.851009290762037
2420,dc6df220730c599a,True,1.0,1.0,0.8728041864147204,1.0,1.0,1.0,0.9470017443394667
2421,a9c368a110585b1a,True,1.0,1.0,1.0,1.0,1.0,0.5,1.0
2422,484b6d9a28f350bd,True,1.0,1.0,0.9280909401013844,1.0,1.0,1.0,0.9700378917089102
2423,05d0a1a763fc5334,True,1.0,1.0,1.0,1.0,1.0,1.0,1.0
2424,54fbc5743190519c,True,1.0,1.0,1.0,1.0,1.0,0.0,1.0
2425,570a5855539b5c7e,True,1.0,1.0,0.8502660020172798,1.0,1.0,1.0,0.9376108341738666
2426,b0a3bbfe213a507b,True,1.0,1.0,0.9692936388636696,1.0,1.0,1.0,0.9872056828598623
2427,cc934224447a5c86,True,1.0,1.0,0.808940955410831,1.0,1.0,1.0,0.9203920647545129
2428,0558c7a64ef157b1,True,1.0,1.0,0.9984258315204267,1.0,1.0,1.0,0.9993440964668444
2429,bda5925fd37a5818,True,1.0,1.0,1.0,1.0,1.0,1.0,1.0
2430,36383c82194a543d,True,1.0,1.0,1.0,1.0,1.0,1.0,1.0
2431,ea91c9a3a75f514c,True,1.0,1.0,0.7923518386768468,1.0,1.0,1.0,0.9134799327820194
2432,f205efb84def5cc8,True,1.0,1.0,0.7797103076333477,1.0,1.0,1.0,0.9082126281805616
2433,e40bf2ac511950c4,True,1.0,1.0,0.9637952327898317,1.0,1.0,1.0,0.9849146803290966
2434,daa3dbcfc784564c,True,1.0,1.0,0.805730456550423,1.0,1.0,1.0,0.9190543568960097
2435,46c8d578ddb55784,True,1.0,1.0,0.8363410661209532,1.0,1.0,1.0,0.9318087775503971
2436,2073f76964735ff7,True,1.0,1.0,0.6819621656434776,1.0,1.0,1.0,0.8674842356847824
2437,578a5ef598b9521f,True,1.0,1.0,1.0,1.0,1.0,1.0,1.0
2438,0616f9723c60524d,True,1.0,1.0,0.8537953993574658,1.0,1.0,1.0,0.9390814163989442
2439,dcd5dc3f53d9533f,True,1.0,1.0,1.0,1.0,1.0,1.0,1.0
2440,1e1878076a0b52d6,True,1.0,1.0,0.8688299895318548,1.0,1.0,1.0,0.9453458289716061
2441,a698a93fec1e57fa,True,1.0,1.0,1.0,1.0,1.0,1.0,1.0
2442,6326e62f04625791,True,1.0,1.0,1.0,1.0,1.0,1.0,1.0
2443,c354c8cf3c975581,True,1.0,1.0,0.9474259530493677,1.0,1.0,1.0,0.9780941471039032
2444,ca58b2e039305479,True,1.0,0.0,0.0,1.0,1.0,1.0,0.0
2445,8e9f743d92c05d10,True,1.0,1.0,1.0,1.0,1.0,1.0,1.0
2446,f35274c7a16657d7,True,1.0,1.0,0.9386799886768186,1.0,1.0,0.5,0.9744499952820078
2447,125a155883e55be7,True,1.0,1.0,0.5390127161285193,1.0,1.0,1.0,0.8079219650535497
2448,b9e84e372b3958ac,True,1.0,1.0,0.8692493119450676,1.0,1.0,1.0,0.945520546643778
2449,f0cdcc3967335c01,True,1.0,1.0,1.0,1.0,1.0,1.0,1.0
2450,2a49de57fddb59bc,True,1.0,1.0,0.8238785809081923,1.0,1.0,1.0,0.9266160753784135
2451,9900336c08095d0f,True,1.0,1.0,0.7657154232118578,1.0,1.0,1.0,0.9023814263382741
2452,90a14e5bd7cb5f47,True,1.0,1.0,1.0,1.0,1.0,1.0,1.0
2453,c13f0e8db9b15c69,True,1.0,1.0,1.0,1.0,1.0,1.0,1.0
2454,f1042fb26da2534a,True,1.0,1.0,0.9004869626458258,1.0,1.0,1.0,0.9585362344357607
2455,6074e965781b510e,True,1.0,1.0,1.0,1.0,1.0,1.0,1.0
2456,d94860755c1f5594,True,1.0,1.0,0.8601996822032159,1.0,1.0,1.0,0.9417498675846733
2457,b6b0722747565854,True,1.0,1.0,0.8462797030217531,1.0,1.0,1.0,0.9359498762590638
2458,c05f89f644505f4c,True,1.0,1.0,0.7560616165944807,1.0,1.0,1.0,0.898359006914367
2459,cd177406e5b056d6,True,1.0,1.0,0.8280737862150468,1.0,1.0,1.0,0.9283640775896028
2460,748a5531d6415e0c,True,1.0,1.0,1.0,1.0,1.0,1.0,1.0
2461,3b4f49412be55b80,True,1.0,1.0,0.8321768716323542,1.0,1.0,1.0,0.9300736965134808
2462,83c72c93de355a6b,True,1.0,1.0,1.0,1.0,1.0,1.0,1.0
2463,ff7bf9054f4a5a4a,True,1.0,1.0,1.0,1.0,1.0,1.0,1.0
2464,571bb034360052d9,True,1.0,1.0,1.0,1.0,1.0,1.0,1.0
2465,6dd2d5f52cc55546,True,1.0,1.0,0.9568482265495092,1.0,1.0,1.0,0.9820200943956289
2466,abe1ac610c3d5b82,True,1.0,1.0,0.7990887097574227,1.0,1.0,1.0,0.9162869623989262
2467,3a3297d21e905b02,True,1.0,1.0,0.6558839683120385,1.0,1.0,1.0,0.856618320130016
2468,b0070f55eda95848,True,1.0,1.0,0.7402761226403791,1.0,1.0,1.0,0.8917817177668246
2469,342982275eb15441,True,1.0,1.0,0.8024630811885222,1.0,1.0,1.0,0.9176929504952177
2470,e1950bc54da65383,True,1.0,1.0,1.0,1.0,1.0,1.0,1.0
2471,86db4cfb30b55a5e,True,1.0,1.0,1.0,1.0,1.0,1.0,1.0
2472,846863e9cd7059c5,True,1.0,1.0,1.0,1.0,1.0,1.0,1.0
2473,53c908f42e685998,True,1.0,1.0,1.0,1.0,1.0,1.0,1.0
2474,355835bced0c591f,True,1.0,1.0,0.743652562643016,1.0,1.0,1.0,0.8931885677679233
2475,55bb551a2aa85849,True,1.0,1.0,0.8636150384546991,1.0,1.0,1.0,0.9431729326894579
2476,a4ed82240b64533a,True,1.0,1.0,0.7894520833297176,1.0,1.0,1.0,0.9122717013873823
2477,af682242313853cb,True,1.0,1.0,1.0,1.0,1.0,1.0,1.0
2478,667afe1f010351c5,True,1.0,1.0,0.8098989416565617,0.0,1.0,1.0,0.5041245590235673
2479,154d0d1b363f5501,True,1.0,1.0,1.0,1.0,1.0,1.0,1.0
2480,305634c7b587567f,True,1.0,1.0,0.7591061904432851,1.0,1.0,1.0,0.8996275793513688
2481,4a4316b978495bba,True,1.0,1.0,0.6516651948408897,1.0,1.0,1.0,0.8548604978503707
2482,39a769c19105586e,True,1.0,1.0,0.6197447328297547,1.0,1.0,1.0,0.8415603053457312
2483,f264f464b21753de,True,1.0,1.0,0.8993787156058091,1.0,1.0,1.0,0.9580744648357538
2484,d745bef1cebc52e7,True,1.0,1.0,1.0,1.0,1.0,1.0,1.0
2485,5b61b9072cad5dbc,True,1.0,1.0,0.9835562551755487,1.0,1.0,1.0,0.9931484396564786
2486,373707159e77583c,True,1.0,1.0,0.9004618272734053,1.0,1.0,1.0,0.9585257613639189
2487,02325da26296565c,True,1.0,1.0,1.0,1.0,1.0,1.0,1.0
2488,50b72b9404da516c,True,1.0,1.0,1.0,1.0,1.0,1.0,1.0
2489,2fc619c5acbe54b8,True,1.0,1.0,0.8991157350660021,1.0,1.0,1.0,0.9579648896108343
2490,77919997d5c352d8,True,1.0,1.0,1.0,1.0,1.0,1.0,1.0
2491,9b4e0723f48755fb,True,1.0,1.0,0.9122467733666199,1.0,1.0,1.0,0.963436155569425
2492,73939fc4dcdf57c4,True,1.0,1.0,1.0,0.0,1.0,1.0,0.5833333333333334
2493,96bc4f4e46f752f4,True,1.0,1.0,1.0,1.0,1.0,1.0,1.0
2494,eaf08861a02351a5,True,1.0,1.0,0.8514520408048147,1.0,1.0,1.0,0.9381050170020062
2495,ccc2b2377fea5191,True,1.0,1.0,1.0,1.0,1.0,1.0,1.0
2496,5379d354b9b95048,True,1.0,0.0,0.0,1.0,1.0,1.0,0.0
2497,077031ef7dcb5ab4,True,1.0,1.0,1.0,1.0,1.0,1.0,1.0
2498,9a3778686fd058d2,True,1.0,1.0,0.7822310626027391,1.0,1.0,1.0,0.9092629427511413
2499,a4f2f32aa59f53b9,True,1.0,1.0,0.9396069476192623,1.0,1.0,1.0,0.9748362281746926
2500,4109b79d84ea5053,True,1.0,1.0,0.9750005573074596,1.0,1.0,1.0,0.9895835655447748
2501,617ceb438e0d5324,True,1.0,1.0,1.0,1.0,1.0,1.0,1.0
2502,614cdeb09cc25923,True,1.0,1.0,0.9106925523852912,1.0,1.0,1.0,0.9627885634938713
2503,d5b37b79dde85eb1,True,1.0,1.0,0.7178699454970063,1.0,1.0,1.0,0.8824458106237527
2504,526a568a22795441,True,1.0,1.0,1.0,1.0,1.0,1.0,1.0
2505,5757a661eb0f54d2,True,1.0,1.0,1.0,1.0,1.0,1.0,1.0
2506,4aa06b58da9a56f8,True,1.0,1.0,0.6413291825386501,1.0,1.0,1.0,0.8505538260577709
2507,decc2e4c0f445afc,True,1.0,1.0,0.7205369187354143,1.0,1.0,1.0,0.8835570494730893
2508,143989e6ed115458,True,1.0,1.0,0.8373058798964764,1.0,1.0,1.0,0.9322107832901985
2509,cd0b91f235e25b76,True,1.0,0.0,0.0,1.0,1.0,1.0,0.0
2510,2d578825c3a8565f,True,1.0,1.0,0.9141231798625192,1.0,1.0,1.0,0.964217991609383
2511,a988872adfe45a71,True,1.0,1.0,1.0,1.0,1.0,1.0,1.0
2512,cc6022c226c15d80,True,1.0,0.0,0.0,1.0,1.0,1.0,0.0
2513,59a1d448fbdf53f6,True,1.0,1.0,1.0,1.0,1.0,1.0,1.0
2514,e4c83b8feafe5cb4,True,1.0,1.0,0.8905319475271948,1.0,1.0,1.0,0.9543883114696645
2515,683e518fbfa650d5,True,1.0,1.0,1.0,1.0,1.0,1.0,1.0
2516,ea93b5b81d425814,True,1.0,1.0,0.7898606295124702,1.0,1.0,1.0,0.9124419289635292
2517,9dc5a17094e0569d,True,1.0,1.0,1.0,1.0,1.0,1.0,1.0
2518,b043b68462d7540c,True,1.0,1.0,1.0,1.0,1.0,1.0,1.0
2519,82ab6983691a5599,True,1.0,1.0,1.0,1.0,1.0,1.0,1.0
2520,9e991901a49a55ea,True,1.0,1.0,1.0,1.0,1.0,1.0,1.0
2521,3c3991ec8d7a5507,True,1.0,0.0,0.0,1.0,1.0,1.0,0.0
2522,6ecc4586af155c50,True,1.0,1.0,1.0,1.0,1.0,1.0,1.0
2523,9ba2570d6743526a,True,1.0,1.0,1.0,1.0,1.0,1.0,1.0
2524,b411a654aa215f1b,True,1.0,1.0,0.7585033284410484,1.0,1.0,1.0,0.8993763868504369
2525,650d84864184549e,True,1.0,1.0,0.790356250651985,1.0,1.0,1.0,0.9126484377716605
2526,bd5e1c226cca5d3e,True,1.0,1.0,0.8486431897071676,1.0,1.0,1.0,0.9369346623779865
2527,356738fb8224508b,True,1.0,1.0,1.0,1.0,1.0,1.0,1.0
2528,283ae14565b85cc3,True,1.0,1.0,0.7825960198722446,1.0,1.0,1.0,0.9094150082801019
2529,deb16bb9771a582a,True,1.0,1.0,0.898135893011934,1.0,1.0,1.0,0.9575566220883059
2530,44cd06a315635c09,True,1.0,1.0,0.7961964583517961,1.0,1.0,1.0,0.9150818576465817
2531,0d602f62f3ad5c65,True,1.0,1.0,0.9065844168768826,1.0,1.0,1.0,0.9610768403653678
2532,582a4716d1bd55bc,True,1.0,1.0,0.8531965350142283,1.0,1.0,1.0,0.9388318895892618
2533,ea23b2bb8e5756b8,True,1.0,1.0,0.6869378230770516,1.0,1.0,1.0,0.8695574262821048
2534,b999dd3826b058a7,True,1.0,1.0,0.6217424393994875,1.0,1.0,1.0,0.8423926830831198
2535,08b1894421c455ed,True,1.0,1.0,1.0,1.0,1.0,1.0,1.0
2536,4d8b083f00675de2,True,1.0,1.0,1.0,1.0,1.0,1.0,1.0
2537,cfb755b8d37458ac,True,1.0,1.0,0.8033690526778616,0.0,1.0,1.0,0.501403771949109
2538,b51815625ee05f75,True,1.0,1.0,1.0,1.0,1.0,1.0,1.0
2539,ccd1908db4765e03,True,1.0,1.0,1.0,1.0,1.0,0.0,1.0
2540,dd4483f390725319,True,1.0,1.0,1.0,1.0,1.0,1.0,1.0
2541,ac07a96cae965e88,True,1.0,1.0,1.0,1.0,1.0,1.0,1.0
2542,659d1e0ce6cd5c97,True,1.0,1.0,1.0,1.0,1.0,1.0,1.0
2543,0a21cbc65e5b514f,True,1.0,1.0,0.751210274809612,1.0,1.0,1.0,0.896337614504005
2544,77c3cf2f4a1a5f31,True,1.0,1.0,0.7945849861603146,1.0,1.0,1.0,0.9144104109001311
2545,f3512ae175b45844,True,1.0,1.0,1.0,1.0,1.0,1.0,1.0
2546,62735179d4f258ea,True,1.0,1.0,0.7792953105742565,1.0,1.0,1.0,0.9080397127392735
2547,b5ee0c4a00765073,True,1.0,1.0,0.855323376123909,1.0,1.0,1.0,0.9397180733849622
2548,6fe1f4f8dbcd57b5,True,1.0,1.0,0.7794613285821385,1.0,1.0,1.0,0.9081088869092243
2549,a2cbf7c347a45c6e,True,1.0,1.0,1.0,1.0,1.0,1.0,1.0
2550,0b4c7130090c5e85,True,1.0,1.0,1.0,1.0,1.0,1.0,1.0
2551,aa34b08bfad85fac,True,1.0,1.0,0.8512105717031299,1.0,1.0,1.0,0.938004404876304
2552,6f61120208385a02,True,1.0,1.0,0.8044478079468704,1.0,1.0,1.0,0.9185199199778626
2553,7c7ce7ea08b15930,True,1.0,1.0,0.8021329459273269,1.0,1.0,1.0,0.9175553941363862
2554,163c9ec0110e5384,True,1.0,1.0,0.7101391481564355,1.0,1.0,1.0,0.8792246450651815
2555,52d9d533ca4e5980,True,1.0,1.0,0.5085260850288336,1.0,1.0,1.0,0.7952192020953474
2556,3febbde773f15b51,True,1.0,1.0,1.0,1.0,1.0,1.0,1.0
2557,4606b66d9fe75354,True,1.0,1.0,0.6613153451769745,1.0,1.0,1.0,0.8588813938237395
2558,ce9ee9a68a4c5e93,True,1.0,1.0,1.0,1.0,1.0,1.0,1.0
2559,e36edd3aedf05e30,True,1.0,1.0,0.7310566764291002,1.0,1.0,1.0,0.8879402818454585
2560,2c21ad85949653a6,True,1.0,1.0,1.0,1.0,1.0,1.0,1.0
2561,4417a92b5b1956b8,True,1.0,1.0,0.8656667262133604,1.0,1.0,1.0,0.9440278025889001
2562,dc5bfa6f51225853,True,1.0,1.0,0.8968698247596898,1.0,1.0,1.0,0.9570290936498708
2563,77a891db719c5273,True,1.0,1.0,1.0,1.0,1.0,1.0,1.0
2564,b27bfe84cc545daa,True,1.0,1.0,1.0,1.0,1.0,1.0,1.0
2565,564b7ca4f210501e,True,1.0,1.0,0.7924155023039985,1.0,1.0,1.0,0.9135064592933327
2566,e18ca78f3c5f5a04,True,1.0,1.0,1.0,1.0,1.0,1.0,1.0
2567,f47f7733a11d51a1,True,1.0,1.0,1.0,1.0,1.0,1.0,1.0
2568,b47df4a21c515394,True,1.0,1.0,0.6812166225449096,1.0,1.0,1.0,0.8671735927270458
2569,69dcc80901db5a29,True,1.0,1.0,1.0,1.0,1.0,1.0,1.0
2570,ed5defe615515789,True,1.0,1.0,0.9020055965833065,1.0,1.0,0.5,0.9591689985763777
2571,2034e8ae11cc594e,True,1.0,0.0,0.0,1.0,1.0,1.0,0.0
2572,512b6941e1335e0f,True,1.0,0.0,0.0,1.0,1.0,1.0,0.0
2573,706cc8e44dbd557d,True,1.0,1.0,0.8575507339396624,1.0,1.0,1.0,0.940646139141526
2574,8390620a5e745bfa,True,1.0,1.0,0.37984579191594103,1.0,1.0,1.0,0.7416024132983088
2575,6abe0ed266f258d9,True,1.0,1.0,1.0,1.0,1.0,1.0,1.0
2576,4742cf16ab0f515b,True,1.0,1.0,1.0,1.0,1.0,1.0,1.0
2577,c9a4d6a0295f5142,True,1.0,1.0,1.0,1.0,1.0,1.0,1.0
2578,01ce9c82de0d5539,True,1.0,1.0,0.7589996741524698,1.0,1.0,1.0,0.8995831975635292
2579,ae01be6a753e5f98,True,1.0,1.0,0.8115581952028738,1.0,1.0,1.0,0.9214825813345308
2580,d395fa715d3e58c7,True,1.0,1.0,1.0,1.0,1.0,1.0,1.0
2581,f8191af1aab95906,True,1.0,1.0,1.0,1.0,1.0,1.0,1.0
2582,7ed4005bb9385a16,True,1.0,1.0,0.8799993146417333,1.0,1.0,1.0,0.9499997144340555
2583,026e7b1e0e335625,True,1.0,1.0,1.0,1.0,1.0,1.0,1.0
2584,b3c1a2ac292d5e3f,True,1.0,1.0,1.0,1.0,1.0,1.0,1.0
2585,7f890846214d583a,True,1.0,1.0,0.7273627604803832,1.0,1.0,1.0,0.8864011502001596
2586,3fe4d3672285579c,True,1.0,1.0,0.9670797735269114,1.0,1.0,1.0,0.9862832389695465
2587,b389efc36b545908,True,1.0,1.0,0.8664213666026973,1.0,1.0,0.5,0.9443422360844572
2588,6b183b48b7175f38,True,1.0,1.0,0.9384047783487248,1.0,1.0,1.0,0.9743353243119687
2589,bbb7e4525bd05d3d,True,1.0,1.0,1.0,1.0,1.0,1.0,1.0
2590,83d9a73b7a3650c7,True,1.0,1.0,0.7537955557760139,1.0,1.0,1.0,0.8974148149066724
2591,c5727dc4f8665554,True,1.0,1.0,1.0,0.0,1.0,1.0,0.5833333333333334
2592,9c9b62965da75764,True,1.0,1.0,0.9683769098668648,1.0,1.0,1.0,0.986823712444527
2593,0d2403a8031f540c,True,1.0,1.0,1.0,1.0,1.0,1.0,1.0
2594,6370add5182e51b7,True,1.0,1.0,1.0,1.0,1.0,1.0,1.0
2595,c68108211dfa57e0,True,1.0,1.0,0.6129825581709256,1.0,1.0,1.0,0.838742732571219
2596,997fb38ac5d75864,True,1.0,0.0,0.0,1.0,1.0,1.0,0.0
2597,e14d9a1990535a29,True,1.0,1.0,1.0,1.0,1.0,1.0,1.0
2598,4fabf8c780005e4f,True,1.0,1.0,0.9087904415579701,1.0,1.0,1.0,0.9619960173158209
2599,056c6ca971b355b4,True,1.0,1.0,0.7690425158989689,1.0,1.0,1.0,0.9037677149579038
2600,5a907598a1985222,True,1.0,1.0,0.8714728802180378,1.0,1.0,1.0,0.9464470334241825
2601,2e883a72b2895d7c,True,1.0,1.0,1.0,1.0,1.0,1.0,1.0
2602,1cf4270132e35206,True,1.0,1.0,0.8297422016743912,1.0,1.0,0.0,0.929059250697663
2603,0ac3823481f15815,True,1.0,1.0,0.7224516430344042,1.0,1.0,1.0,0.8843548512643351
2604,3cfcca572cdc5b75,True,1.0,0.0,0.0,1.0,1.0,1.0,0.0
2605,b6765fe7ee17596e,True,1.0,1.0,1.0,1.0,1.0,1.0,1.0
2606,819d34b59e6159ad,True,1.0,1.0,1.0,1.0,1.0,1.0,1.0
2607,81286af2aa9c5e17,True,1.0,1.0,0.5238873363243486,1.0,1.0,1.0,0.8016197234684785
2608,371d154a89425165,True,1.0,1.0,0.9654912212597804,1.0,1.0,1.0,0.9856213421915752
2609,fb3e4b836ab758db,True,1.0,1.0,0.9328188217658626,1.0,1.0,1.0,0.9720078424024429
2610,0f83bb5cecbe56df,True,1.0,1.0,0.8088043316339918,1.0,1.0,1.0,0.92033513818083
2611,578adc6dc97d510f,True,1.0,1.0,0.9099951646613155,1.0,1.0,1.0,0.9624979852755482
2612,bb249c2d0c8a568c,True,1.0,1.0,0.8558376510897088,1.0,1.0,1.0,0.939932354620712
2613,e38aa05b9c8b5e32,True,1.0,1.0,0.9417699756660441,1.0,1.0,1.0,0.9757374898608516
2614,75f91ced021c543e,True,1.0,1.0,0.9487295319110228,1.0,1.0,1.0,0.9786373049629261
2615,25cdf7dee0d25a66,True,1.0,1.0,1.0,1.0,1.0,1.0,1.0
2616,e54d150b34215b84,True,1.0,1.0,1.0,1.0,1.0,1.0,1.0
2617,210a1c9ce3725a53,True,1.0,1.0,0.9293760712264625,1.0,1.0,1.0,0.970573363011026
2618,d07c624bab3d5a61,True,1.0,1.0,0.8926499865904375,1.0,1.0,1.0,0.9552708277460157
2619,3f269e7b5ced51fa,True,1.0,1.0,1.0,1.0,1.0,1.0,1.0
2620,3099475cc5365074,True,1.0,1.0,0.9851849858724929,1.0,1.0,1.0,0.993827077446872
2621,d84b338d48335e67,True,1.0,1.0,0.7800787953968092,1.0,1.0,1.0,0.9083661647486706
2622,4300f964edbd5ce4,True,1.0,1.0,1.0,1.0,1.0,1.0,1.0
2623,622867ce25805447,True,1.0,1.0,0.8650051184438325,1.0,1.0,1.0,0.9437521326849302
2624,02379e524f105926,True,1.0,1.0,1.0,1.0,1.0,1.0,1.0
2625,dd9efbb06b495921,True,1.0,1.0,0.6066904847034663,1.0,1.0,1.0,0.836121035293111
2626,84b69613f5e6551c,True,1.0,0.0,0.0,1.0,1.0,1.0,0.0
2627,008d66a74c275479,True,1.0,1.0,1.0,1.0,1.0,1.0,1.0
2628,8a92561fdd0750ad,True,1.0,1.0,0.8354772865948038,1.0,1.0,1.0,0.9314488694145014
2629,6fc4fc2702305dfa,True,1.0,1.0,1.0,1.0,1.0,1.0,1.0
2630,03b33d7830ba522b,True,1.0,1.0,0.5659562375964855,1.0,1.0,1.0,0.8191484323318688
2631,31cda9ad4b8257b9,True,1.0,1.0,0.8718436672897658,1.0,1.0,1.0,0.9466015280374025
2632,4eaf35cea96d5dd9,True,1.0,1.0,0.8059516644660242,1.0,1.0,1.0,0.9191465268608434
2633,89766121ee605be0,True,1.0,1.0,0.9365398483881928,1.0,1.0,0.5,0.973558270161747
2634,1cb96199b6a45732,True,1.0,1.0,0.8654184584902568,1.0,1.0,1.0,0.9439243577042736
2635,99f3a7ec61305307,True,1.0,1.0,0.7308702717669113,1.0,1.0,1.0,0.8878626132362131
2636,5fe40d882c3b545f,True,1.0,1.0,1.0,1.0,1.0,1.0,1.0
2637,caa3170f8c3b5cfe,True,1.0,1.0,0.8243638109270768,1.0,1.0,1.0,0.9268182545529488
2638,2087ff145dae502d,True,1.0,1.0,1.0,1.0,1.0,1.0,1.0
2639,5795e118157f528f,True,1.0,1.0,0.592435627275382,1.0,1.0,1.0,0.8301815113647425
2640,d68dba02509b50a3,True,1.0,1.0,0.8605481763079784,1.0,1.0,0.5,0.9418950734616577
2641,02b68b9cc51f506a,True,1.0,1.0,0.6984575137724099,1.0,1.0,1.0,0.8743572974051709
2642,0573408e3cfb5130,True,1.0,1.0,0.8476443564618092,1.0,1.0,1.0,0.9365184818590873
2643,0706e8bf25805e91,True,1.0,1.0,0.9741321838132284,1.0,1.0,1.0,0.9892217432555119
2644,71057ab084a75ce6,True,1.0,1.0,0.8054316954146887,1.0,1.0,1.0,0.9189298730894536
2645,008d6e3394a65c1f,True,1.0,1.0,1.0,1.0,1.0,1.0,1.0
2646,c840eac7d70e5877,True,1.0,1.0,0.9286882164429148,1.0,1.0,1.0,0.9702867568512145
2647,9e032298e808528a,True,1.0,1.0,0.5995269266754342,1.0,1.0,1.0,0.8331362194480976
2648,d66a4334c9625c4a,True,1.0,1.0,0.7998102976663543,1.0,1.0,1.0,0.9165876240276476
2649,fdb658e4941855a3,True,0.0,1.0,0.0,0.0,1.0,1.0,0.0
2650,6239cdb801bc51c2,True,1.0,1.0,0.6930905026599282,1.0,1.0,1.0,0.8721210427749702
2651,f9a9b5ee707e501e,True,0.0,1.0,0.0,0.0,1.0,0.5,0.0
2652,c73914d4fedc513f,True,1.0,1.0,0.8341058964373018,1.0,1.0,1.0,0.9308774568488758
2653,df8bff51c1d95e09,True,1.0,1.0,1.0,1.0,1.0,1.0,1.0
2654,ed95bd64d5a555c8,True,1.0,1.0,0.7944483325681599,1.0,1.0,1.0,0.9143534719034
2655,d618ac9cc53c573c,True,1.0,1.0,0.9184751982455236,1.0,1.0,1.0,0.9660313326023015
2656,f24100a519ef5940,True,1.0,1.0,0.8174341725168557,1.0,1.0,1.0,0.9239309052153565
2657,16d4141f073d52f1,True,1.0,0.0,0.0,1.0,1.0,1.0,0.0
2658,54d1762cf973535b,True,1.0,1.0,0.9581643832379055,1.0,1.0,1.0,0.9825684930157941
2659,ba2973ad6189568b,True,1.0,1.0,0.808151446333188,1.0,1.0,1.0,0.9200631026388283
2660,a33054c645ce5643,True,1.0,1.0,1.0,1.0,1.0,1.0,1.0
2661,9fe07284cb3f5e0a,True,1.0,1.0,0.8334670130954718,1.0,1.0,1.0,0.9306112554564466
2662,0c8b9f08bfa25dc2,True,1.0,1.0,1.0,1.0,0.0,1.0,0.8333333333333334
2663,f51778edd8ea5ee5,True,1.0,0.0,0.0,1.0,1.0,1.0,0.0
2664,24a09c3c8a985e8e,True,1.0,1.0,1.0,1.0,1.0,1.0,1.0
2665,7d664c7260d45737,True,1.0,1.0,0.9257221055924925,1.0,1.0,1.0,0.9690508773302051
2666,b0bd81048c07524f,True,1.0,1.0,0.8073693481499987,1.0,1.0,1.0,0.9197372283958328
2667,b3a00387265a5cdc,True,1.0,1.0,1.0,1.0,1.0,1.0,1.0
2668,3ef30aa787de56fa,True,1.0,1.0,1.0,1.0,1.0,1.0,1.0
2669,4d8c41cf686957d1,True,1.0,1.0,1.0,1.0,1.0,1.0,1.0
2670,c169cf799b165800,True,1.0,1.0,0.5926861205337013,1.0,1.0,1.0,0.8302858835557089
2671,994c2c1c459b5cc8,True,1.0,1.0,0.688362337780921,1.0,1.0,1.0,0.8701509740753838
2672,c3ace87d2f985eaa,True,1.0,1.0,0.9049925483143789,1.0,1.0,1.0,0.9604135617976578
2673,639c2678cce95d68,True,1.0,1.0,0.833421121582999,1.0,1.0,1.0,0.9305921339929162
2674,af5f095a4d815525,True,1.0,1.0,1.0,1.0,1.0,1.0,1.0
2675,0bee5ed0a0a957fd,True,1.0,1.0,0.8250446415629069,1.0,1.0,1.0,0.9271019339845447
2676,8b8b41a9d00e5e32,True,1.0,1.0,0.8448602627815883,1.0,1.0,1.0,0.9353584428256618
2677,f860a73be2cd5fe5,True,1.0,1.0,0.9009021346573726,1.0,1.0,1.0,0.9587092227739052
2678,52ed9777731d5ba8,True,1.0,1.0,0.9058803429307105,1.0,1.0,1.0,0.9607834762211294
2679,0db4879927b35dc0,True,1.0,1.0,0.9479943718528291,1.0,1.0,1.0,0.978330988272012
2680,1ecea4b911675b72,True,1.0,1.0,0.7661354280530598,1.0,1.0,1.0,0.9025564283554416
2681,53f754a75b955383,True,1.0,1.0,1.0,1.0,1.0,1.0,1.0
2682,9707c6cbc83556f6,True,1.0,1.0,1.0,1.0,1.0,1.0,1.0
2683,f6eec3b743985122,True,1.0,1.0,0.863344760891863,1.0,1.0,1.0,0.9430603170382762
2684,4f8d9bfa869553bb,True,1.0,1.0,1.0,1.0,1.0,0.0,1.0
2685,9f8f670a268550e5,True,1.0,1.0,0.99854589958988,1.0,1.0,1.0,0.9993941248291168
2686,6d7754fdda3a50a6,True,1.0,1.0,0.9793876689189372,1.0,1.0,1.0,0.991411528716224
2687,1e4f2f231ac0540e,True,1.0,1.0,0.8127321803720905,1.0,1.0,1.0,0.9219717418217043
2688,cb61b4237ad25a7c,True,1.0,1.0,0.8610053225717292,1.0,1.0,1.0,0.9420855510715539
2689,cbd04a396e145288,True,1.0,1.0,1.0,1.0,1.0,1.0,1.0
2690,0f4984d978155b23,True,1.0,1.0,0.8390665633453572,1.0,1.0,1.0,0.9329444013938989
2691,54b1308d42085066,True,1.0,1.0,0.8660387020515438,1.0,1.0,1.0,0.9441827925214765
2692,45d6c16000b75270,True,1.0,0.0,0.0,1.0,1.0,1.0,0.0
2693,3f2cec87b5ad5d96,True,1.0,0.0,0.0,0.0,1.0,1.0,0.0
2694,dcb6ca8a732551eb,True,1.0,1.0,0.6235235121328611,1.0,1.0,1.0,0.8431347967220254
2695,d1e6f085af9b5199,True,1.0,1.0,0.862665692786088,1.0,1.0,1.0,0.9427773719942033
2696,c4b1d4fabd315035,True,1.0,1.0,1.0,1.0,1.0,1.0,1.0
2697,e3ce6f2ef9765b9a,True,1.0,1.0,0.9628139315294589,1.0,1.0,1.0,0.9845058048039412
2698,488dd191f7dc59a8,True,1.0,1.0,0.8391229323894026,1.0,1.0,1.0,0.9329678884955843
2699,355dadd64723531e,True,1.0,1.0,0.9383433819728045,1.0,1.0,1.0,0.9743097424886686
2700,9b5cb743a4a4590b,True,1.0,1.0,1.0,1.0,1.0,0.0,1.0
2701,9d87610ffed85509,True,1.0,1.0,0.958901337193872,1.0,1.0,1.0,0.9828755571641133
2702,f750e0c7f8375bae,True,1.0,1.0,0.7257213488401442,1.0,1.0,1.0,0.8857172286833933
2703,2a68e10c7d305af4,True,1.0,1.0,0.9628794020121332,1.0,1.0,1.0,0.9845330841717223
2704,001d444661b45635,True,1.0,1.0,0.8206173396607909,1.0,1.0,1.0,0.9252572248586629
2705,f41cf739059453a4,True,1.0,1.0,0.5314041694615855,1.0,1.0,1.0,0.8047517372756606
2706,e360cb69b8a55a47,True,1.0,1.0,0.9327962019440222,1.0,1.0,1.0,0.9719984174766759
2707,df044fb9c65c5d52,True,1.0,1.0,1.0,1.0,1.0,1.0,1.0
2708,0093ff0188ea5b90,True,1.0,1.0,1.0,1.0,1.0,1.0,1.0
2709,3d2f4a8fb8b55572,True,1.0,1.0,0.8283064578061833,1.0,1.0,1.0,0.9284610240859097
2710,4631b80af7fb5f2f,True,1.0,1.0,1.0,1.0,1.0,1.0,1.0
2711,b5be372c45f05a96,True,1.0,1.0,0.8175784075074305,1.0,1.0,1.0,0.923991003128096
2712,63c145828c3b5fd8,True,1.0,1.0,0.5831929718479221,1.0,1.0,1.0,0.8263304049366341
2713,76b708c365e45536,True,1.0,1.0,0.519935217420507,1.0,1.0,1.0,0.7999730072585445
2714,2620b03dcfcc567b,True,1.0,1.0,0.8418032748968747,1.0,1.0,1.0,0.9340846978736979
2715,dc97241b7037592b,True,1.0,1.0,0.9755622580348206,1.0,1.0,1.0,0.9898176075145085
2716,f51a75fadd695f06,True,1.0,1.0,0.724990896083516,1.0,1.0,1.0,0.8854128733681317
2717,aa2962e446b45e1f,True,1.0,1.0,1.0,1.0,1.0,1.0,1.0
2718,0e27333e64a45dfb,True,1.0,1.0,0.6922338837568311,1.0,1.0,1.0,0.8717641182320129
2719,7ba76233a35553c2,True,1.0,1.0,1.0,1.0,1.0,1.0,1.0
2720,12d426c6727d507a,True,1.0,1.0,0.7333395941922679,1.0,1.0,1.0,0.8888914975801115
2721,f4f1692fee475afa,True,1.0,1.0,0.8879188460372338,1.0,1.0,1.0,0.9532995191821808
2722,ecb0765ba5c05fa3,True,1.0,1.0,0.9476132978692883,1.0,1.0,1.0,0.9781722074455367
2723,094551eaba7351f5,True,1.0,1.0,0.9280099079944985,1.0,1.0,1.0,0.9700041283310409
2724,62eac0a6b7e05fbf,True,0.0,1.0,0.0,0.0,1.0,0.5,0.0
2725,b826ee4aedc95b0c,True,1.0,1.0,0.8372856938596737,1.0,1.0,1.0,0.9322023724415307
2726,a9f07bb60bd75461,True,1.0,1.0,0.905583555507809,1.0,1.0,1.0,0.9606598147949205
2727,59c3714116c25a7c,True,1.0,0.0,0.0,1.0,1.0,1.0,0.0
2728,1b5606e475d554f7,True,1.0,1.0,0.9179928732752148,1.0,1.0,1.0,0.9658303638646729
2729,9f528c7bfca6509b,True,1.0,0.0,0.0,1.0,1.0,1.0,0.0
2730,b9aa102f4d7b5751,True,1.0,1.0,1.0,1.0,1.0,1.0,1.0
2731,0774f845fe6b5de3,True,1.0,1.0,1.0,1.0,1.0,1.0,1.0
2732,ad8e3279524854c3,True,1.0,1.0,0.8352978751164365,1.0,1.0,1.0,0.9313741146318485
2733,ad2bbc4542205912,True,1.0,1.0,0.8646719297577442,1.0,1.0,1.0,0.9436133040657267
2734,008144fe47ac5f74,True,1.0,1.0,0.8273389216421649,1.0,1.0,1.0,0.9280578840175687
2735,409ed084cde5554b,True,1.0,1.0,0.8214811912685024,1.0,1.0,1.0,0.9256171630285426
2736,d58fe7e3c5575f27,True,1.0,1.0,1.0,1.0,1.0,1.0,1.0
2737,5f2d040ee3bf5c6e,True,1.0,1.0,0.9348033373043684,0.0,1.0,1.0,0.5561680572101535
2738,61c5308743b35db2,True,1.0,1.0,0.6683191977323765,1.0,1.0,1.0,0.8617996657218235
2739,d2361c07df2f51c2,True,1.0,1.0,0.6986245282722164,1.0,1.0,1.0,0.8744268867800903
2740,906ffee6860e524a,True,1.0,1.0,1.0,1.0,1.0,1.0,1.0
2741,cedd32ec31e45cd9,True,1.0,1.0,0.6928123521535994,1.0,1.0,1.0,0.8720051467306664
2742,0a954cc695e751ab,True,1.0,1.0,0.7753047265252242,1.0,1.0,1.0,0.90637696938551
2743,c5fb72e3a0855c1b,True,1.0,1.0,0.6567287141662896,1.0,1.0,1.0,0.8569702975692873
2744,5d5d1442b83d5c5c,True,1.0,1.0,0.728269706800329,1.0,1.0,1.0,0.8867790445001371
2745,043524c9126f5893,True,1.0,1.0,0.6996223936864584,1.0,1.0,1.0,0.8748426640360244
2746,47359dd210e254ea,True,1.0,1.0,1.0,1.0,1.0,1.0,1.0
2747,ef4cd07fc8245457,True,1.0,1.0,1.0,1.0,1.0,1.0,1.0
2748,0b6912dfdcf450c1,True,1.0,1.0,1.0,0.0,1.0,1.0,0.5833333333333334
2749,08dfae1bbef35bdc,True,1.0,1.0,0.8058507377985203,1.0,1.0,1.0,0.9191044740827167
2750,70297f5b95955dce,True,1.0,1.0,0.830414055593325,1.0,1.0,1.0,0.9293391898305522
2751,ab1fd108d5885b58,True,1.0,1.0,1.0,1.0,1.0,0.0,1.0
2752,4cc1186b46d85ec4,True,1.0,1.0,0.8986154373804869,1.0,1.0,1.0,0.9577564322418696
2753,64883fdea50b5b8c,True,1.0,1.0,0.9306001207886858,1.0,1.0,1.0,0.9710833836619525
2754,03ca1900f09b5d20,True,1.0,1.0,0.8029963980352095,1.0,1.0,1.0,0.9179151658480039
2755,af58d13139de5d3f,True,1.0,1.0,0.8431395190446958,1.0,1.0,1.0,0.9346414662686232
2756,5b1a620dcd675298,True,1.0,1.0,1.0,1.0,1.0,1.0,1.0
2757,5e8d717cc46a5988,True,1.0,1.0,1.0,1.0,1.0,1.0,1.0
2758,4763f30d505c5ea6,True,1.0,1.0,0.47459490773437407,1.0,1.0,0.5,0.7810812115559892
2759,2743a2f96269577c,True,1.0,1.0,0.9042786597030724,1.0,1.0,1.0,0.9601161082096136
2760,0722adecc3d45ac4,True,1.0,1.0,0.927405469174708,1.0,1.0,1.0,0.9697522788227951
2761,11811a7320ab58db,True,1.0,1.0,1.0,1.0,1.0,1.0,1.0
2762,fffbe416ae85553b,True,1.0,1.0,0.5775166518934923,1.0,1.0,1.0,0.8239652716222885
2763,8b794f146fda58da,True,1.0,1.0,0.8486867870362734,1.0,1.0,1.0,0.9369528279317807
2764,fc0a59dcf9d75219,True,1.0,1.0,0.676985621847742,1.0,1.0,1.0,0.8654106757698926
2765,49bdbf5ee25c5024,True,1.0,1.0,0.7641074432508896,1.0,1.0,1.0,0.9017114346878706
2766,53d3787367c75240,True,1.0,1.0,1.0,1.0,1.0,1.0,1.0
2767,1f5144778210505c,True,1.0,1.0,1.0,1.0,1.0,1.0,1.0
2768,4b22a759c31a52c5,True,1.0,1.0,0.8732589396081643,1.0,1.0,1.0,0.9471912248367351
2769,86d5685d21d15ee9,True,1.0,1.0,0.7129369555674663,1.0,1.0,1.0,0.880390398153111
2770,f54559dd98e75d83,True,1.0,1.0,0.9733213485175859,1.0,1.0,1.0,0.9888838952156608
2771,45102df6530d59e8,True,1.0,1.0,0.9997362869597433,1.0,1.0,1.0,0.9998901195665596
2772,efb87bb3ff675f08,True,1.0,1.0,0.7671961606586645,1.0,1.0,0.0,0.9029984002744436
2773,42dc421e37c154e5,True,1.0,1.0,1.0,1.0,1.0,1.0,1.0
2774,ad84af7b33615884,True,1.0,1.0,1.0,1.0,1.0,0.0,1.0
2775,0df6533b550c58c1,True,1.0,1.0,1.0,0.0,1.0,1.0,0.5833333333333334
2776,963a72ef9c615033,True,1.0,1.0,0.8800201589749697,0.0,1.0,1.0,0.5333417329062374
2777,b99d20a078a958b9,True,1.0,1.0,0.8699934804007998,1.0,1.0,0.5,0.9458306168336666
2778,f6082f18c392582f,True,1.0,1.0,0.9796210921365602,1.0,1.0,0.5,0.9915087883902335
2779,613770d7f39051be,True,1.0,1.0,0.8008035869583988,1.0,1.0,1.0,0.9170014945659996
2780,65130561cbfb567a,True,1.0,1.0,1.0,1.0,1.0,1.0,1.0
2781,4899341a782f5409,True,1.0,1.0,1.0,1.0,1.0,1.0,1.0
2782,5ee1455d53695e5b,True,1.0,1.0,0.8669851079436065,1.0,1.0,1.0,0.944577128309836
2783,f53ece8c1cb9562c,True,1.0,1.0,0.810755497050494,1.0,1.0,1.0,0.9211481237710392
2784,e1398b3ecf3f520d,True,1.0,1.0,0.886360429497655,1.0,1.0,1.0,0.9526501789573563
2785,199a2738284e52c9,True,1.0,1.0,0.995193827594536,1.0,1.0,1.0,0.99799742816439
2786,e36f096910ed562a,True,1.0,1.0,1.0,1.0,1.0,1.0,1.0
2787,f5d8dc03a0555cdc,True,1.0,1.0,0.9855039959940348,1.0,1.0,1.0,0.9939599983308479
2788,81f49ac925aa5781,True,1.0,1.0,1.0,1.0,1.0,1.0,1.0
2789,6b68c09f87b85dc8,True,1.0,1.0,0.9592330682967233,1.0,1.0,1.0,0.983013778456968
2790,05965158ab845b47,True,1.0,1.0,0.8291552434776843,1.0,1.0,1.0,0.9288146847823685
2791,d218ff87bdc25c55,True,1.0,1.0,0.813623239520234,1.0,1.0,1.0,0.9223430164667642
2792,bcb48691833d5afe,True,1.0,1.0,0.9720271009686079,0.0,1.0,1.0,0.57167795873692
2793,0769a262b53b589e,True,1.0,1.0,0.9742576859471453,1.0,1.0,1.0,0.9892740358113107
2794,e1f6c044f4235462,True,1.0,1.0,0.744716090802984,1.0,1.0,1.0,0.8936317045012433
2795,562f38636f975be4,True,1.0,1.0,1.0,1.0,1.0,1.0,1.0
2796,71bacc65bda2569c,True,1.0,1.0,0.8423364908468184,1.0,1.0,1.0,0.9343068711861743
2797,40d24af6505f50c9,True,1.0,1.0,0.5700600794344856,1.0,1.0,1.0,0.8208583664310356
2798,60826aa0bcfc5225,True,1.0,1.0,1.0,1.0,1.0,1.0,1.0
2799,9a524d13e6795a95,True,1.0,1.0,0.9169162198666214,1.0,1.0,1.0,0.965381758277759
2800,299e19fc72e65ac5,True,1.0,1.0,1.0,1.0,1.0,0.0,1.0
2801,4bc96604c1c85606,True,1.0,1.0,1.0,1.0,1.0,1.0,1.0
2802,4b3c6a95987c552d,True,1.0,1.0,1.0,1.0,1.0,1.0,1.0
2803,87da3996575459a8,True,1.0,1.0,0.6169574777784225,1.0,1.0,1.0,0.8403989490743426
2804,8abfcd61303b52df,True,1.0,1.0,0.7211981394823365,1.0,1.0,1.0,0.8838325581176402
2805,d31d38e1a2305147,True,1.0,1.0,0.7773798681727968,1.0,1.0,1.0,0.9072416117386654
2806,3be53588a286557f,True,1.0,1.0,0.9703501943242309,1.0,1.0,1.0,0.9876459143017629
2807,ef5dcc2415915678,True,1.0,1.0,0.9741760286368217,1.0,1.0,1.0,0.9892400119320092
2808,134a3394c9b756d9,True,1.0,1.0,0.6774150498830234,1.0,1.0,1.0,0.8655896041179264
2809,a924bf802fe25fa6,True,1.0,1.0,1.0,1.0,1.0,1.0,1.0
2810,4201a91014c852a8,True,1.0,1.0,0.8313625944004795,1.0,1.0,1.0,0.9297344143335332
2811,f191de4360a35ad8,True,1.0,1.0,0.5672032963748733,1.0,1.0,1.0,0.8196680401561972
2812,cd7e9823f2b15e0f,True,1.0,1.0,0.9835406033072163,1.0,1.0,1.0,0.9931419180446733
2813,c9968e9ec0135b9d,True,1.0,1.0,1.0,1.0,1.0,1.0,1.0
2814,6a9642ab1a745aac,True,1.0,1.0,0.6222353427126839,1.0,1.0,1.0,0.8425980594636183
2815,ba09d23c78b95a66,True,1.0,1.0,0.9507109732285499,1.0,1.0,1.0,0.9794629055118959
2816,6eac1c0e2bbd57bb,True,1.0,1.0,0.8448859446203772,1.0,1.0,1.0,0.9353691435918239
2817,33c738c5f199510e,True,1.0,1.0,0.963993558828231,1.0,1.0,1.0,0.9849973161784296
2818,ad970e7cae1a5ead,True,1.0,1.0,1.0,1.0,1.0,1.0,1.0
2819,dbba0a418817539e,True,1.0,1.0,0.7575883412695464,1.0,1.0,1.0,0.8989951421956444
2820,6b52f2b62f215cb4,True,1.0,1.0,1.0,1.0,1.0,1.0,1.0
2821,64b99da814205341,True,1.0,1.0,0.842137876123173,1.0,1.0,1.0,0.9342241150513221
2822,6f1be4d182475bc8,True,1.0,1.0,1.0,1.0,1.0,1.0,1.0
2823,11182a0af9c95c8c,True,1.0,1.0,0.7039665402986769,1.0,1.0,1.0,0.8766527251244488
2824,cb50b764d69557b9,True,1.0,1.0,0.939468631355908,1.0,1.0,1.0,0.9747785963982949
2825,93494257467c5e97,True,1.0,1.0,0.7400470956071493,1.0,1.0,1.0,0.8916862898363123
2826,a04628cdd3f25947,True,1.0,1.0,0.8856304000979458,1.0,1.0,1.0,0.9523460000408107
2827,490475b585895e0e,True,1.0,1.0,0.9500054263101693,1.0,1.0,1.0,0.9791689276292371
2828,1175b3b9d27252ef,True,1.0,1.0,1.0,1.0,1.0,1.0,1.0
2829,8d7e4421c3e45c99,True,1.0,1.0,0.7802750242281009,1.0,1.0,1.0,0.9084479267617086
2830,ed98a4566ea95092,True,1.0,1.0,1.0,1.0,1.0,1.0,1.0
2831,71031bf46f1b5cb8,True,1.0,1.0,0.8706182693900019,1.0,1.0,1.0,0.9460909455791674
2832,7e9101f6d01a53e0,True,1.0,1.0,0.5329385876866012,1.0,1.0,1.0,0.8053910782027506
2833,3010009fcb295507,True,1.0,1.0,0.8840649411877155,1.0,1.0,1.0,0.9516937254948815
2834,2c14c850f6645147,True,1.0,0.0,0.0,1.0,1.0,1.0,0.0
2835,f3fc5020ecbd537f,True,1.0,1.0,0.7973281201426416,1.0,1.0,1.0,0.9155533833927674
2836,e0a645315de658bc,True,1.0,1.0,0.8628741300796698,1.0,1.0,1.0,0.9428642208665291
2837,3ff5c9a5bd155bb2,True,1.0,1.0,1.0,1.0,1.0,1.0,1.0
2838,9940f912e66a5918,True,1.0,1.0,1.0,1.0,1.0,1.0,1.0
2839,535d4220196452ed,True,1.0,1.0,1.0,1.0,1.0,1.0,1.0
2840,f39db68736425365,True,1.0,1.0,0.9900943316990509,1.0,1.0,1.0,0.9958726382079379
2841,efe7a294e40e5508,True,1.0,1.0,0.9604294395711332,1.0,1.0,1.0,0.9835122664879722
2842,babd01c3694d5e18,True,1.0,1.0,0.8987224840728304,1.0,1.0,1.0,0.957801035030346
2843,f335a11369685b08,True,1.0,1.0,0.815453959230238,1.0,1.0,1.0,0.9231058163459324
2844,6919975cab1c5345,True,1.0,1.0,0.6204262095880729,1.0,1.0,1.0,0.8418442539950304
2845,ef7fb2d0c7bf52a4,True,1.0,1.0,0.8752097032051831,1.0,1.0,1.0,0.9480040430021596
2846,80b61a3a73f55af9,True,1.0,1.0,1.0,1.0,1.0,1.0,1.0
2847,541d2d0ac174524b,True,1.0,1.0,0.6841742043380984,1.0,1.0,1.0,0.8684059184742076
2848,b751857996975e6c,True,1.0,1.0,0.8465474753547682,1.0,1.0,1.0,0.9360614480644868
2849,30d90432ffb357cf,True,1.0,1.0,0.970109043921055,0.0,1.0,1.0,0.5708787683004396
2850,d7ff11915cdf538e,True,1.0,1.0,1.0,1.0,1.0,1.0,1.0
2851,fcb45b2aa29356d9,True,1.0,1.0,1.0,1.0,1.0,1.0,1.0
2852,c4e94b7583555176,True,1.0,1.0,1.0,0.0,1.0,1.0,0.5833333333333334
2853,dd1ab5d48c6358ef,True,1.0,1.0,0.7575038370967796,1.0,1.0,1.0,0.8989599321236582
2854,df30f32cd2ee5633,True,1.0,1.0,1.0,1.0,1.0,1.0,1.0
2855,239e3ed3199d5ae6,True,1.0,1.0,0.9560609536082131,1.0,1.0,1.0,0.9816920640034222
2856,a916c0c016825703,True,1.0,1.0,1.0,1.0,1.0,1.0,1.0
2857,4cd806a126f85b23,True,1.0,1.0,1.0,1.0,1.0,1.0,1.0
2858,10ae805f0be95c1f,True,1.0,1.0,0.9179632039545321,1.0,1.0,1.0,0.9658180016477217
2859,0d2ff90baf395430,True,1.0,1.0,1.0,1.0,1.0,1.0,1.0
2860,c0a12f1497045322,True,1.0,0.0,0.0,1.0,1.0,1.0,0.0
2861,4b3a1e85619e557f,True,1.0,1.0,1.0,1.0,1.0,1.0,1.0
2862,8a4a0c6823cd5e33,True,1.0,1.0,0.9886329207082396,1.0,1.0,1.0,0.9952637169617665
2863,32013abf6afd5d2e,True,1.0,1.0,0.7974427801709789,1.0,1.0,1.0,0.9156011584045745
2864,584c0bd68dbb55e9,True,1.0,1.0,0.7584987592905984,1.0,1.0,1.0,0.8993744830377493
2865,a7f15e4638b352c4,True,1.0,1.0,0.8667089559344502,1.0,1.0,1.0,0.9444620649726877
2866,d3fe95784a34578f,True,1.0,1.0,0.8683660972868901,1.0,1.0,1.0,0.9451525405362041
2867,3f6732f66f695405,True,1.0,0.0,0.0,0.0,1.0,1.0,0.0
2868,9d7ec713a2fb5e44,True,1.0,1.0,0.681917931948842,1.0,1.0,1.0,0.8674658049786842
2869,a43d45f7369d5489,True,1.0,1.0,1.0,1.0,1.0,1.0,1.0
2870,be7331d3f05e5d16,True,1.0,1.0,1.0,1.0,1.0,1.0,1.0
2871,d5116f0d75b4549d,True,1.0,1.0,1.0,1.0,1.0,1.0,1.0
2872,30e29966db9156ee,True,1.0,1.0,0.8388435804068703,1.0,1.0,1.0,0.932851491836196
2873,ff9d7c14934b541e,True,1.0,1.0,0.7970720855952365,1.0,1.0,1.0,0.9154467023313485
2874,ac47687039a75848,True,1.0,1.0,0.7504646948009774,1.0,1.0,1.0,0.896026956167074
2875,1f2bbc5cb66b523a,True,1.0,1.0,0.8493072434680239,1.0,1.0,1.0,0.9372113514450099
2876,14c000d2a271534a,True,1.0,1.0,1.0,1.0,1.0,1.0,1.0
2877,f6df3f934bdb598d,True,1.0,1.0,0.9309509174550815,1.0,1.0,1.0,0.9712295489396173
2878,7d5f417c01fb5a87,True,1.0,1.0,0.5265922576037636,1.0,1.0,1.0,0.8027467740015681
2879,243480f0f2545b3b,True,1.0,1.0,1.0,1.0,1.0,1.0,1.0
2880,5be54baed8b35bd7,True,1.0,1.0,1.0,1.0,1.0,1.0,1.0
2881,ee7be0b111a85c25,True,1.0,1.0,1.0,1.0,1.0,1.0,1.0
2882,277758d55617567b,True,1.0,1.0,0.649088454709746,1.0,1.0,1.0,0.8537868561290608
2883,ca6a8cc7012a5fac,True,1.0,1.0,0.7533893058711952,1.0,1.0,1.0,0.8972455441129981
2884,5ea36cebd2575b16,True,1.0,1.0,1.0,1.0,1.0,1.0,1.0
2885,150bfebecc525d57,True,1.0,1.0,1.0,0.0,1.0,1.0,0.5833333333333334
2886,d6b5646287065fa8,True,1.0,1.0,0.7109811600404478,1.0,1.0,1.0,0.8795754833501865
2887,2f421d857f32510e,True,1.0,1.0,0.9331948058916248,1.0,1.0,1.0,0.9721645024548436
2888,cd7568df56095ff2,True,1.0,1.0,1.0,1.0,1.0,1.0,1.0
2889,d9b577262eed5ceb,True,1.0,1.0,1.0,1.0,1.0,1.0,1.0
2890,2ca33fd04f805478,True,1.0,1.0,1.0,1.0,1.0,1.0,1.0
2891,f5f7d39ffe625dda,True,1.0,1.0,0.978333710125546,1.0,1.0,1.0,0.9909723792189776
2892,accb5d206fd05911,True,1.0,1.0,0.7905055809947208,1.0,1.0,1.0,0.9127106587478003
2893,f3e32c06633756e9,True,1.0,1.0,0.7515519588986006,1.0,1.0,1.0,0.8964799828744169
2894,e82216ae03b05bd4,True,1.0,1.0,1.0,1.0,1.0,1.0,1.0
2895,c4a50f520ab75da6,True,1.0,1.0,1.0,1.0,1.0,1.0,1.0
2896,66ca1ffcef4354e9,True,1.0,1.0,0.6877763168963382,1.0,1.0,1.0,0.8699067987068076
2897,a1f35d4460345de8,True,1.0,1.0,1.0,1.0,1.0,1.0,1.0
2898,91aeae3843455c34,True,1.0,1.0,1.0,1.0,1.0,1.0,1.0
2899,f6038d685a4d55b4,True,1.0,1.0,1.0,1.0,1.0,0.5,1.0
2900,82b1cb7113515dfb,True,1.0,1.0,1.0,1.0,1.0,1.0,1.0
2901,72c1d1069773561d,True,1.0,0.0,0.0,1.0,1.0,1.0,0.0
2902,c968e1d258265a2b,True,1.0,1.0,0.9502399474980336,1.0,1.0,1.0,0.9792666447908474
2903,bcf76bb937d35be9,True,1.0,1.0,1.0,1.0,1.0,1.0,1.0
2904,3d6cbc2a95885eef,True,1.0,1.0,0.7502379683469648,1.0,1.0,1.0,0.8959324868112354
2905,1e9a42ef8f4057a6,True,1.0,1.0,0.9169485187685115,1.0,1.0,1.0,0.9653952161535465
2906,6fbdacdf660253b6,True,1.0,1.0,0.8512602733024455,1.0,1.0,1.0,0.938025113876019
2907,3eaf6c916382509b,True,1.0,1.0,0.8549391994012985,1.0,1.0,1.0,0.9395579997505411
2908,8d3c8a698ac65342,True,1.0,1.0,0.6634054066795936,1.0,1.0,1.0,0.859752252783164
2909,650ed02359615f58,True,1.0,1.0,0.7147278636671187,1.0,1.0,1.0,0.8811366098612995
2910,048eb7efa08354e3,True,1.0,1.0,0.8383171893262021,1.0,1.0,1.0,0.9326321622192509
2911,4d55f6c3a3dc58fe,True,1.0,1.0,1.0,1.0,1.0,1.0,1.0
2912,491a9b7a44225a75,True,1.0,1.0,1.0,1.0,1.0,1.0,1.0
2913,c0fb4281da785582,True,1.0,0.0,0.0,1.0,1.0,1.0,0.0
2914,4302a0a4b9f05b61,True,1.0,1.0,0.624929187095448,1.0,1.0,1.0,0.8437204946231033
2915,f004b5e4838455f3,True,1.0,1.0,0.6232963569748189,1.0,1.0,1.0,0.8430401487395079
2916,e29b049a9bf3509c,True,1.0,1.0,1.0,1.0,1.0,1.0,1.0
2917,2a5a7c87bce352a7,True,1.0,1.0,0.8617565953881122,1.0,1.0,1.0,0.9423985814117134
2918,797606b9788852f2,True,1.0,1.0,1.0,1.0,1.0,1.0,1.0
2919,5b14b00087b051e3,True,1.0,1.0,1.0,1.0,1.0,1.0,1.0
2920,afbbcee34f1850fd,True,1.0,1.0,0.7494760462638501,1.0,1.0,1.0,0.8956150192766043
2921,908f696abf7c5a26,True,1.0,1.0,0.8040589590875032,1.0,1.0,1.0,0.9183578996197931
2922,815153cb27f95a7c,True,1.0,1.0,0.6417048581358707,1.0,1.0,1.0,0.8507103575566127
2923,735587b14e39568c,True,1.0,1.0,0.707531999611283,1.0,1.0,1.0,0.878138333171368
2924,37430d1c47995fdd,True,1.0,1.0,0.8173547570099464,1.0,1.0,1.0,0.9238978154208111
2925,81ac4c9af9ea5562,True,1.0,1.0,0.6076448796419198,1.0,1.0,1.0,0.8365186998508
2926,f8b8b8ee49205def,True,1.0,0.0,0.0,1.0,1.0,1.0,0.0
2927,71629f355b5e5b19,True,1.0,1.0,1.0,1.0,1.0,1.0,1.0
2928,95528bd014555540,True,1.0,1.0,1.0,1.0,1.0,1.0,1.0
2929,e706a9c88e625828,True,1.0,1.0,0.8417137296871865,1.0,1.0,1.0,0.934047387369661
2930,19f93eaa916d5528,True,1.0,1.0,0.7985970125765549,1.0,1.0,1.0,0.9160820885735644
2931,35aa38c73e9251a7,True,1.0,1.0,0.9729482682587642,1.0,1.0,1.0,0.9887284451078185
2932,04676f5bccee5447,True,1.0,1.0,0.9608215687568734,1.0,1.0,1.0,0.9836756536486972
2933,569187407cd3517c,True,1.0,1.0,0.9610960297915052,1.0,1.0,1.0,0.9837900124131272
2934,a5ed322a79205030,True,1.0,1.0,1.0,1.0,1.0,1.0,1.0
2935,4a55d9d08b7752e8,True,1.0,1.0,0.6394703557622837,1.0,1.0,1.0,0.8497793149009515
2936,96dd879c7e365dc9,True,1.0,1.0,0.775515814529971,1.0,1.0,1.0,0.9064649227208212
2937,ca85e7b7b71559b3,True,1.0,1.0,0.7613855363822917,1.0,1.0,1.0,0.9005773068259549
2938,4da3c27db2495e9e,True,1.0,1.0,0.7531550185604567,1.0,1.0,1.0,0.8971479244001902
2939,c3c6442b2f525269,True,1.0,1.0,0.9555093770350555,1.0,1.0,1.0,0.9814622404312731
2940,4126aeb4289c593c,True,1.0,1.0,0.74345500439156,1.0,1.0,1.0,0.8931062518298166
2941,f94a9ce36b8e5516,True,1.0,1.0,1.0,1.0,1.0,1.0,1.0
2942,1b5a55897d2950f9,True,1.0,1.0,0.7550850474513409,1.0,1.0,0.5,0.8979521031047254
2943,866edd106b555de6,True,1.0,1.0,0.7876918415213926,1.0,1.0,1.0,0.9115382673005802
2944,8a02c25b58bb5a2b,True,1.0,1.0,1.0,1.0,1.0,1.0,1.0
2945,bcf92cdb596a5fa2,True,1.0,1.0,0.9192565836446129,1.0,1.0,1.0,0.966356909851922
2946,4a0ba18cefc05c63,True,1.0,1.0,1.0,1.0,1.0,1.0,1.0
2947,ff83944cb2845479,True,1.0,1.0,0.9515318510938454,1.0,1.0,1.0,0.9798049379557691
2948,4b9627827aff5013,True,1.0,1.0,1.0,1.0,1.0,1.0,1.0
2949,average,False,0.9918588873812755,0.9633649932157394,0.8371304908740994,0.9694708276797829,0.9972862957937585,0.9779511533242876,0.8983860084657458
